  32     32
  0.3848583    
  6.5582193E-02
  8.1618592E-02
  0.1384795    
  0.1653162    
  0.1667068    
  0.1745795    
  0.1811150    
  0.1828102    
  0.1642408    
  0.1450254    
  0.1605405    
  0.1555415    
  0.1753965    
  0.2183478    
  0.2511094    
  0.2433412    
  0.2623012    
  0.2548091    
  0.2348791    
  0.2164328    
  0.1753725    
  0.1575100    
  0.1849844    
  0.2412685    
  0.3162062    
  0.3659716    
  0.4660485    
  0.6330206    
  0.8472090    
  0.9379061    
  0.9145454    
  0.3934923    
  0.2141503    
  0.2056795    
  0.1406659    
  0.1450766    
  0.1637331    
  0.1781462    
  0.1906994    
  0.2001166    
  0.2100983    
  0.2257185    
  0.2487767    
  0.2414635    
  0.2634122    
  0.2943446    
  0.2948200    
  0.2736067    
  0.2819254    
  0.2574383    
  0.2283903    
  0.1940643    
  0.1282120    
  7.5391412E-02
  0.1225942    
  0.1660181    
  0.2226050    
  0.2877169    
  0.3864375    
  0.5180303    
  0.6515591    
  0.6013843    
  0.5586882    
  0.3436382    
  0.3605648    
  0.2912269    
  0.2791933    
  0.2040350    
  0.1815169    
  0.1862039    
  0.2031356    
  0.2221456    
  0.2769607    
  0.2810328    
  0.2968068    
  0.3117642    
  0.3182422    
  0.3280499    
  0.3426736    
  0.3082340    
  0.3054452    
  0.2757773    
  0.2236893    
  0.2117848    
  0.1519655    
  9.9915683E-02
  0.1025555    
  0.1417561    
  0.1848628    
  0.2141171    
  0.2799024    
  0.3787496    
  0.4467854    
  0.3823988    
  0.3564042    
  0.2875226    
  0.3980786    
  0.4669398    
  0.4147253    
  0.2655646    
  0.2155999    
  0.2114988    
  0.2177892    
  0.2436024    
  0.2793030    
  0.3104772    
  0.3130774    
  0.3062450    
  0.3278271    
  0.3454766    
  0.3598171    
  0.3524192    
  0.3572008    
  0.3157176    
  0.2711157    
  0.2404622    
  0.1964315    
  0.1419529    
  0.1237736    
  0.1318559    
  0.1522389    
  0.2293002    
  0.2621453    
  0.2911703    
  0.3612123    
  0.3447139    
  0.3275004    
  0.3011396    
  0.4126618    
  0.4244623    
  0.3117613    
  0.2556002    
  0.2106255    
  0.2174835    
  0.2137322    
  0.2440337    
  0.2501262    
  0.2970154    
  0.3258498    
  0.3367322    
  0.3719300    
  0.3972448    
  0.3990018    
  0.3851649    
  0.3702548    
  0.3283657    
  0.2815468    
  0.2243215    
  0.1710780    
  0.1225760    
  9.4830438E-02
  0.1056838    
  0.1107028    
  0.2053534    
  0.2798343    
  0.2890305    
  0.4061721    
  0.4039913    
  0.3745973    
  0.4194355    
  0.2709730    
  0.3143578    
  0.2364737    
  0.1886514    
  0.2012562    
  0.2022603    
  0.2093304    
  0.2151811    
  0.2826194    
  0.3513263    
  0.3729616    
  0.3677165    
  0.4248346    
  0.4485236    
  0.4258357    
  0.3985417    
  0.3630474    
  0.3029469    
  0.2511010    
  0.1837557    
  0.1079924    
  5.4810636E-02
  1.7452236E-02
  4.9055308E-02
  7.7868514E-02
  0.1420726    
  0.2611944    
  0.3363014    
  0.4309270    
  0.5908868    
  0.4715699    
  0.3449047    
  0.2312213    
  7.5802520E-02
  0.1328103    
  0.1647492    
  0.1654113    
  0.1908018    
  0.2046581    
  0.2654800    
  0.3175834    
  0.3696494    
  0.4217017    
  0.4490626    
  0.4782882    
  0.4775378    
  0.4454595    
  0.4127926    
  0.3647712    
  0.2919312    
  0.2262434    
  0.1633788    
  0.1252248    
  0.1013772    
  8.0637939E-02
  8.5233241E-02
  9.2830829E-02
  0.1016120    
  0.1959561    
  0.2729801    
  0.4467263    
  0.6036859    
  0.5718124    
  0.4092436    
  0.1278633    
  6.7869507E-02
  0.1475296    
  0.1701276    
  0.1653905    
  0.1523823    
  0.2157549    
  0.3275978    
  0.3798077    
  0.4194951    
  0.4724686    
  0.5022278    
  0.5069318    
  0.4974932    
  0.4644809    
  0.4313616    
  0.3782792    
  0.3065665    
  0.2549336    
  0.2132645    
  0.2040421    
  0.2127387    
  0.1908127    
  0.1905423    
  0.1762721    
  0.1192098    
  0.1017165    
  0.2097010    
  0.3215931    
  0.5603480    
  0.5665734    
  0.4414682    
  9.5962934E-02
  9.0126596E-02
  0.1865604    
  0.1541524    
  0.1710937    
  0.1909669    
  0.2503678    
  0.3442690    
  0.3805327    
  0.4341478    
  0.4917857    
  0.5193426    
  0.5314738    
  0.5211979    
  0.4871840    
  0.4572727    
  0.3969079    
  0.3406685    
  0.3304292    
  0.3247207    
  0.3109961    
  0.3111908    
  0.2882683    
  0.2921089    
  0.2454286    
  0.1769142    
  0.1299562    
  0.1707545    
  0.3384748    
  0.4864550    
  0.4929399    
  0.5282264    
  0.2591675    
  2.9000143E-02
  0.1221117    
  0.1193235    
  0.1858133    
  0.1907161    
  0.2665032    
  0.3258856    
  0.3929057    
  0.4566111    
  0.5092306    
  0.5320260    
  0.5516567    
  0.5449201    
  0.5240109    
  0.5103504    
  0.4650609    
  0.4155698    
  0.4387795    
  0.4417893    
  0.3932495    
  0.3723713    
  0.3525370    
  0.3494215    
  0.3021889    
  0.2473580    
  0.1796573    
  0.1379686    
  0.2535506    
  0.3005756    
  0.4472590    
  0.6539622    
  0.3518108    
  7.3318064E-02
  0.1278491    
  0.1280889    
  0.1606522    
  0.1901588    
  0.2644860    
  0.3369244    
  0.4137207    
  0.5001602    
  0.5550198    
  0.5822906    
  0.5934405    
  0.5936849    
  0.5665115    
  0.5576295    
  0.5201980    
  0.5030293    
  0.4892871    
  0.5120471    
  0.4690516    
  0.4525658    
  0.4188939    
  0.3935017    
  0.3505301    
  0.2978652    
  0.2340971    
  0.1655356    
  0.2001310    
  0.2620367    
  0.5565549    
  0.7950170    
  0.4706096    
  0.2278975    
  4.0168148E-02
  4.8892498E-02
  9.8142914E-02
  0.1738431    
  0.2782944    
  0.3839321    
  0.4672696    
  0.5586207    
  0.6063113    
  0.6266369    
  0.6463487    
  0.6400543    
  0.6015875    
  0.5914466    
  0.5579851    
  0.5203773    
  0.5012079    
  0.4931152    
  0.4823692    
  0.4673705    
  0.4478543    
  0.4113870    
  0.3638409    
  0.3304528    
  0.2316445    
  0.1727825    
  0.2570858    
  0.3820917    
  0.5203797    
  0.7701508    
  0.5791174    
  0.2657378    
  4.9051311E-02
  7.3754936E-02
  0.1611344    
  0.2603679    
  0.3583913    
  0.4737632    
  0.5624517    
  0.6447600    
  0.6738846    
  0.7072603    
  0.7213449    
  0.6656389    
  0.6144346    
  0.5688720    
  0.5373762    
  0.5116235    
  0.4694309    
  0.4316900    
  0.4682621    
  0.4875049    
  0.4490451    
  0.4071043    
  0.3534422    
  0.2986490    
  0.2408613    
  0.2055126    
  0.3377296    
  0.5190951    
  0.6038225    
  0.5651879    
  0.4794093    
  0.2109895    
  7.1875900E-02
  0.1424872    
  0.2672337    
  0.3807378    
  0.5030761    
  0.6116601    
  0.6792248    
  0.7542516    
  0.7685024    
  0.7579760    
  0.7177404    
  0.6547687    
  0.6145319    
  0.5596576    
  0.4849613    
  0.4588817    
  0.4533085    
  0.4361145    
  0.4544370    
  0.4443964    
  0.4082861    
  0.3736067    
  0.3139555    
  0.2643712    
  0.2191463    
  0.2320145    
  0.3138839    
  0.4190787    
  0.5902586    
  0.3786527    
  0.2157187    
  8.3850659E-02
  0.1171182    
  0.2009617    
  0.3169951    
  0.4623585    
  0.6114057    
  0.6728176    
  0.7498472    
  0.8109508    
  0.8128176    
  0.7847376    
  0.7048668    
  0.6288257    
  0.5596849    
  0.4991606    
  0.4253458    
  0.4054035    
  0.4042576    
  0.3918164    
  0.3962059    
  0.3763165    
  0.3362805    
  0.3007258    
  0.2612761    
  0.2207340    
  0.1994026    
  0.2378504    
  0.3187456    
  0.3194884    
  0.5719252    
  0.1987995    
  9.9199064E-02
  0.3187485    
  0.1952673    
  0.2234458    
  0.3194880    
  0.4576196    
  0.6238009    
  0.6926230    
  0.7616420    
  0.7960038    
  0.7825939    
  0.7274499    
  0.6623596    
  0.5617865    
  0.4814665    
  0.4238605    
  0.3677627    
  0.3516171    
  0.3474934    
  0.3402515    
  0.3425718    
  0.3230242    
  0.2808008    
  0.2562592    
  0.2201156    
  0.2093756    
  0.2364127    
  0.2663868    
  0.4239523    
  0.4067826    
  0.4517158    
  2.1136295E-02
  0.2664367    
  0.3399348    
  0.2746642    
  0.2433764    
  0.3172343    
  0.4059977    
  0.5418220    
  0.6334414    
  0.7050275    
  0.7358027    
  0.6975996    
  0.6505799    
  0.5994347    
  0.4934926    
  0.3981164    
  0.3570717    
  0.3286248    
  0.3000714    
  0.3136649    
  0.3139526    
  0.2973408    
  0.2675948    
  0.2283606    
  0.1919691    
  0.1657754    
  0.2013314    
  0.2658041    
  0.3147563    
  0.3913704    
  0.3415740    
  0.2826765    
  0.1892901    
  0.2940805    
  0.1687835    
  0.2303642    
  0.2464845    
  0.3055706    
  0.3768677    
  0.4864266    
  0.5597401    
  0.6001880    
  0.6431706    
  0.6060473    
  0.5618041    
  0.5144507    
  0.4170722    
  0.3315643    
  0.2998109    
  0.2475768    
  0.2310783    
  0.2508456    
  0.2445901    
  0.2202540    
  0.1874033    
  0.1526458    
  0.1127039    
  8.4259517E-02
  0.1446662    
  0.2301172    
  0.2263230    
  0.2103350    
  0.1180645    
  0.1120755    
  0.3783883    
  0.3752360    
  0.2105718    
  0.2248371    
  0.2293812    
  0.2818787    
  0.3559126    
  0.4361184    
  0.4939327    
  0.5260993    
  0.5655801    
  0.5274320    
  0.4912543    
  0.4404112    
  0.3862361    
  0.3103718    
  0.2687063    
  0.2062028    
  0.1944057    
  0.1907831    
  0.1761188    
  0.1410230    
  0.1082487    
  6.7068011E-02
  5.1946659E-02
  7.0440993E-02
  0.1265899    
  0.1813057    
  0.2092758    
  0.1611960    
  0.2661660    
  0.2855263    
  0.4968211    
  0.4289616    
  0.1907393    
  0.2036065    
  0.1776543    
  0.2524579    
  0.3395426    
  0.3981034    
  0.4509774    
  0.4888246    
  0.4946787    
  0.4932366    
  0.4562324    
  0.4266117    
  0.3737157    
  0.3077006    
  0.2552149    
  0.1990263    
  0.1795365    
  0.1358224    
  9.7960964E-02
  6.2801182E-02
  3.5338771E-02
  5.8816768E-02
  8.4463477E-02
  0.1366022    
  0.1738395    
  0.1913147    
  0.1990218    
  0.2126232    
  0.3174248    
  0.5085148    
  0.6216638    
  0.3723232    
  0.2563209    
  0.1630963    
  0.1218320    
  0.1592017    
  0.2675796    
  0.3130320    
  0.3886611    
  0.4653630    
  0.4878775    
  0.4978524    
  0.4859932    
  0.4410967    
  0.3926363    
  0.3380442    
  0.2748767    
  0.2013664    
  0.1717439    
  0.1414393    
  9.7920835E-02
  4.6800807E-02
  6.4247269E-03
  7.5712882E-02
  0.1061144    
  0.1645593    
  0.2246737    
  0.2313753    
  0.2352137    
  0.2319708    
  0.3314694    
  0.4639422    
  0.4073695    
  0.2969168    
  0.2965848    
  0.2423484    
  0.1370690    
  9.1685586E-02
  0.1855316    
  0.2533096    
  0.3323608    
  0.4344175    
  0.5129700    
  0.5359081    
  0.5277010    
  0.4530620    
  0.4114213    
  0.3897856    
  0.3321799    
  0.2355171    
  0.1819526    
  0.1829788    
  0.1536438    
  9.3027309E-02
  4.3192886E-02
  5.4076422E-02
  9.2528380E-02
  0.1458372    
  0.2119536    
  0.2533014    
  0.2835509    
  0.2786799    
  0.2657342    
  0.3253298    
  0.2536056    
  0.3224137    
  0.3316229    
  0.3204416    
  0.1228813    
  5.3737972E-02
  8.4432200E-02
  0.1598219    
  0.2708611    
  0.4074453    
  0.4640313    
  0.4860895    
  0.4870957    
  0.4722075    
  0.4065356    
  0.3805058    
  0.3175249    
  0.2408583    
  0.2060888    
  0.2034518    
  0.1676334    
  0.1502700    
  0.1026181    
  5.2196767E-02
  6.9249205E-02
  0.1110048    
  0.1957007    
  0.3069416    
  0.3814797    
  0.4050518    
  0.3072177    
  0.2687820    
  0.2704941    
  0.4053879    
  0.6085742    
  0.4907308    
  0.2576277    
  0.1138276    
  5.6488823E-02
  8.9204267E-02
  0.1950294    
  0.2750019    
  0.3481014    
  0.3616084    
  0.3828451    
  0.3967621    
  0.3929852    
  0.3887482    
  0.3441954    
  0.3074811    
  0.2887162    
  0.2615076    
  0.2348112    
  0.2263623    
  0.1963247    
  0.1506539    
  0.1293596    
  0.1342871    
  0.1656851    
  0.2807570    
  0.3690655    
  0.4310690    
  0.4260780    
  0.2977630    
  0.2953410    
  0.5239068    
  0.6674643    
  0.4355960    
  0.2455280    
  0.1791309    
  9.5703542E-02
  8.2840167E-02
  0.1427667    
  0.2076989    
  0.2739602    
  0.2936135    
  0.3418424    
  0.3858923    
  0.4128874    
  0.4058809    
  0.3844606    
  0.3766841    
  0.3553532    
  0.3385099    
  0.3230349    
  0.3323250    
  0.3017375    
  0.2713189    
  0.2650438    
  0.2069963    
  0.2050339    
  0.2513234    
  0.3468195    
  0.4048230    
  0.4814535    
  0.2972525    
  0.1363583    
  0.5239377    
  0.5845332    
  0.4085163    
  0.3364793    
  0.2481710    
  0.1415874    
  0.1296436    
  0.1521860    
  0.1884927    
  0.2430062    
  0.2906339    
  0.3276170    
  0.3441972    
  0.4067129    
  0.3972911    
  0.3996572    
  0.4095383    
  0.4243931    
  0.4128694    
  0.4079946    
  0.3839261    
  0.3793981    
  0.3679781    
  0.3370999    
  0.2692880    
  0.2506210    
  0.2624722    
  0.3026644    
  0.3508708    
  0.3848324    
  0.2921571    
  5.5712394E-02
  0.5211015    
  0.5030895    
  0.4209790    
  0.3782954    
  0.2493834    
  0.1900557    
  0.1811821    
  0.1931078    
  0.2039680    
  0.2292985    
  0.2833329    
  0.3107465    
  0.3343624    
  0.3703308    
  0.3909922    
  0.3923777    
  0.4177132    
  0.4362995    
  0.4447656    
  0.4563562    
  0.4430151    
  0.4425433    
  0.4349421    
  0.3988617    
  0.3316782    
  0.3060998    
  0.2999940    
  0.2958717    
  0.3169958    
  0.3460637    
  0.2880863    
  0.1953958    
  0.3460040    
  0.3827532    
  0.3169406    
  0.2868682    
  0.2884547    
  0.2615732    
  0.2423986    
  0.2522552    
  0.2500426    
  0.2607076    
  0.2772139    
  0.2916818    
  0.3039869    
  0.3252266    
  0.3504100    
  0.3775156    
  0.4297355    
  0.4539628    
  0.4575669    
  0.4723686    
  0.4801264    
  0.4554451    
  0.4658773    
  0.4578986    
  0.4169591    
  0.4002900    
  0.3780202    
  0.3393040    
  0.3075754    
  0.2859923    
  0.1914284    
  0.1468511    
  0.1841200    
  0.3041722    
  0.2148162    
  0.1960032    
  0.2440598    
  0.2537697    
  0.2634562    
  0.2819306    
  0.2913094    
  0.2871678    
  0.2825145    
  0.2780327    
  0.2780751    
  0.2882952    
  0.3128019    
  0.3618536    
  0.4022441    
  0.4081909    
  0.3867627    
  0.4225214    
  0.4602614    
  0.4294395    
  0.4556904    
  0.4639149    
  0.4805403    
  0.5001072    
  0.4712211    
  0.4053192    
  0.3479077    
  0.3503877    
  0.2776580    
  0.2816543    
  0.1962878    
  0.1626448    
  0.1563813    
  0.1832549    
  0.2222232    
  0.2469871    
  0.2823127    
  0.3055553    
  0.2985205    
  0.2960529    
  0.2949148    
  0.2628288    
  0.2513704    
  0.2632336    
  0.2743455    
  0.2949619    
  0.3200497    
  0.3534288    
  0.3563471    
  0.3559883    
  0.3762165    
  0.3613508    
  0.4177135    
  0.4612649    
  0.4698439    
  0.4949681    
  0.5267837    
  0.4918090    
  0.5244505    
  0.5371543    
  0.4633157    
  0.4758602    
  0.2786002    
  0.1840363    
  0.1764610    
  0.1909086    
  0.2222351    
  0.2487304    
  0.2767437    
  0.2831733    
  0.2799179    
  0.2727989    
  0.2572003    
  0.2274248    
  0.2045887    
  0.2221782    
  0.2254907    
  0.2458057    
  0.2641102    
  0.2918438    
  0.2972156    
  0.3125076    
  0.3021440    
  0.3087870    
  0.3579214    
  0.4176637    
  0.4386089    
  0.5025290    
  0.5348742    
  0.5495138    
  0.6867293    
  0.8242381    
  0.5852868    
  0.4679109    
  0.3349270    
  0.1162635    
  0.1412521    
  0.1752343    
  0.2017952    
  0.2189682    
  0.2297589    
  0.2285267    
  0.2198078    
  0.2060022    
  0.1793903    
  0.1525213    
  0.1410126    
  0.1626109    
  0.2060204    
  0.2326666    
  0.2332935    
  0.2611154    
  0.2939591    
  0.2870230    
  0.2683649    
  0.2782899    
  0.2912567    
  0.3462700    
  0.4267454    
  0.4885359    
  0.5404759    
  0.6147815    
  0.8504834    
  0.9807959    
  0.7307008    
