Newsgroups: comp.sources.misc
From: heitkoet@lusty.informatik.uni-dortmund.de (Joerg Heitkoetter)
Subject: v36i040:  hodge-c - An implementation of Gerhard & Schuster's hodge-podge machine, Part06/33
Message-ID: <1993Mar23.060953.3036@sparky.imd.sterling.com>
X-Md4-Signature: 48db78be426066b73131dff0c4c1f223
Date: Tue, 23 Mar 1993 06:09:53 GMT
Approved: kent@sparky.imd.sterling.com

Submitted-by: heitkoet@lusty.informatik.uni-dortmund.de (Joerg Heitkoetter)
Posting-number: Volume 36, Issue 40
Archive-name: hodge-c/part06
Environment: ImageMagick, KHOROS

#!/bin/sh
# this is Part.06 (part 6 of a multipart archive)
# do not concatenate these parts, unpack them in order with /bin/sh
# file hodge-c-0.98j/idl/idemo.dat continued
#
if test ! -r _shar_seq_.tmp; then
	echo 'Please unpack part 1 first!'
	exit 1
fi
(read Scheck
 if test "$Scheck" != 6; then
	echo Please unpack part "$Scheck" next!
	exit 1
 else
	exit 0
 fi
) < _shar_seq_.tmp || exit 1
if test ! -f _shar_wnt_.tmp; then
	echo 'x - still skipping hodge-c-0.98j/idl/idemo.dat'
else
echo 'x - continuing file hodge-c-0.98j/idl/idemo.dat'
sed 's/^X//' << 'SHAR_EOF' >> 'hodge-c-0.98j/idl/idemo.dat' &&
17	20	54
17	21	44
17	22	2
17	23	0
17	24	0
17	25	100
17	26	92
17	27	72
17	28	50
17	29	42
17	30	37
17	31	39
17	32	34
X
18	1	94
18	2	94
18	3	94
18	4	93
18	5	93
18	6	92
18	7	91
18	8	89
18	9	85
18	10	80
18	11	72
18	12	61
18	13	46
18	14	37
18	15	2
18	16	0
18	17	100
18	18	92
18	19	70
18	20	49
18	21	37
18	22	2
18	23	0
18	24	0
18	25	100
18	26	88
18	27	64
18	28	47
18	29	36
18	30	38
18	31	41
18	32	40
X
19	1	63
19	2	63
19	3	63
19	4	63
19	5	63
19	6	63
19	7	62
19	8	61
19	9	60
19	10	57
19	11	53
19	12	46
19	13	38
19	14	32
19	15	1
19	16	0
19	17	100
19	18	90
19	19	65
19	20	47
19	21	32
19	22	1
19	23	0
19	24	100
19	25	100
19	26	86
19	27	63
19	28	49
19	29	2
19	30	36
19	31	35
19	32	2
X
20	1	51
20	2	51
20	3	51
20	4	51
20	5	51
20	6	51
20	7	50
20	8	50
20	9	49
20	10	47
20	11	44
20	12	37
20	13	32
20	14	1
20	15	2
20	16	0
20	17	100
20	18	88
20	19	61
20	20	46
20	21	1
20	22	2
20	23	0
20	24	100
20	25	98
20	26	83
20	27	62
20	28	52
20	29	1
20	30	38
20	31	35
20	32	36
X
21	1	2
21	2	2
21	3	2
21	4	2
21	5	2
21	6	2
21	7	2
21	8	2
21	9	2
21	10	2
21	11	2
21	12	2
21	13	1
21	14	2
21	15	0
21	16	0
21	17	100
21	18	85
21	19	60
21	20	49
21	21	2
21	22	0
21	23	0
21	24	100
21	25	94
21	26	75
21	27	60
21	28	1
21	29	1
21	30	38
21	31	34
21	32	34
X
22	1	0
22	2	0
22	3	0
22	4	0
22	5	0
22	6	0
22	7	0
22	8	0
22	9	0
22	10	0
22	11	0
22	12	0
22	13	0
22	14	0
22	15	0
22	16	100
22	17	100
22	18	80
22	19	57
22	20	47
22	21	2
22	22	0
22	23	0
22	24	100
22	25	89
22	26	66
22	27	57
22	28	1
22	29	1
22	30	38
22	31	34
22	32	34
X
23	1	0
23	2	0
23	3	0
23	4	0
23	5	0
23	6	0
23	7	0
23	8	100
23	9	100
23	10	100
23	11	100
23	12	100
23	13	100
23	14	100
23	15	100
23	16	100
23	17	83
23	18	72
23	19	53
23	20	44
23	21	2
23	22	0
23	23	100
23	24	100
23	25	83
23	26	58
23	27	47
23	28	1
23	29	0
23	30	41
23	31	38
23	32	39
X
24	1	100
24	2	100
24	3	100
24	4	100
24	5	100
24	6	100
24	7	100
24	8	100
24	9	100
24	10	98
24	11	95
24	12	92
24	13	90
24	14	88
24	15	85
24	16	80
24	17	72
24	18	61
24	19	46
24	20	37
24	21	2
24	22	0
24	23	100
24	24	95
24	25	77
24	26	58
24	27	48
24	28	0
24	29	0
24	30	1
24	31	38
24	32	38
X
25	1	97
25	2	97
25	3	97
25	4	96
25	5	94
25	6	91
25	7	88
25	8	85
25	9	83
25	10	80
25	11	76
25	12	70
25	13	65
25	14	61
25	15	60
25	16	57
25	17	53
25	18	46
25	19	38
25	20	32
25	21	1
25	22	0
25	23	100
25	24	90
25	25	69
25	26	54
25	27	1
25	28	0
25	29	0
25	30	0
25	31	1
25	32	41
X
26	1	80
26	2	80
26	3	80
26	4	79
26	5	78
26	6	75
26	7	72
26	8	68
26	9	63
26	10	58
26	11	54
26	12	48
26	13	45
26	14	43
26	15	46
26	16	47
26	17	44
26	18	37
26	19	32
26	20	1
26	21	2
26	22	0
26	23	100
26	24	86
26	25	65
26	26	52
26	27	1
26	28	1
26	29	0
26	30	0
26	31	0
26	32	0
X
27	1	64
27	2	64
27	3	64
27	4	63
27	5	60
27	6	56
27	7	52
27	8	49
27	9	45
27	10	43
27	11	41
27	12	37
27	13	31
27	14	26
27	15	1
27	16	2
27	17	2
27	18	2
27	19	1
27	20	2
27	21	0
27	22	0
27	23	100
27	24	79
27	25	62
27	26	52
27	27	44
27	28	42
27	29	43
27	30	1
27	31	0
27	32	0
X
28	1	47
28	2	47
28	3	47
28	4	46
28	5	44
28	6	40
28	7	38
28	8	38
28	9	35
28	10	31
28	11	1
28	12	1
28	13	2
28	14	1
28	15	2
28	16	0
28	17	0
28	18	0
28	19	0
28	20	0
28	21	0
28	22	100
28	23	96
28	24	69
28	25	60
28	26	53
28	27	52
28	28	48
28	29	45
28	30	46
28	31	1
28	32	1
X
29	1	39
29	2	39
29	3	39
29	4	38
29	5	34
29	6	30
29	7	26
29	8	1
29	9	1
29	10	1
29	11	1
29	12	2
29	13	0
29	14	0
29	15	0
29	16	0
29	17	100
29	18	100
29	19	100
29	20	100
29	21	100
29	22	97
29	23	72
29	24	55
29	25	47
29	26	50
29	27	58
29	28	62
29	29	58
29	30	52
29	31	45
29	32	41
X
30	1	1
30	2	1
30	3	1
30	4	1
30	5	1
30	6	1
30	7	1
30	8	1
30	9	2
30	10	0
30	11	0
30	12	0
30	13	0
30	14	100
30	15	100
30	16	100
30	17	100
30	18	98
30	19	94
30	20	89
30	21	83
30	22	76
30	23	65
30	24	49
30	25	38
30	26	43
30	27	57
30	28	68
30	29	66
30	30	60
30	31	48
30	32	41
X
31	1	1
31	2	1
31	3	1
31	4	1
31	5	1
31	6	2
31	7	0
31	8	0
31	9	0
31	10	0
31	11	100
31	12	100
31	13	100
31	14	100
31	15	100
31	16	92
31	17	86
31	18	80
31	19	73
31	20	65
31	21	58
31	22	59
31	23	56
31	24	51
31	25	38
31	26	46
31	27	59
31	28	77
31	29	77
31	30	69
31	31	59
31	32	50
X
32	1	0
32	2	0
32	3	0
32	4	0
32	5	0
32	6	0
32	7	0
32	8	0
32	9	0
32	10	100
32	11	100
32	12	100
32	13	100
32	14	95
32	15	89
32	16	80
32	17	74
32	18	69
32	19	59
32	20	49
32	21	40
32	22	47
32	23	54
32	24	58
32	25	46
32	26	53
32	27	63
32	28	82
32	29	81
32	30	76
32	31	65
32	32	55
X
# File:    /tmp/idemo-204.dmp
# Creator: HODGE-C SunOS/Solaris 1.1 version 0.98j (042) (C) 1993 by Joerg Heitkoetter
# Grid:    32x32
# Colors:  100
1	1	42
1	2	42
1	3	41
1	4	46
1	5	44
1	6	48
1	7	2
1	8	32
1	9	1
1	10	1
1	11	0
1	12	100
1	13	92
1	14	62
1	15	42
1	16	26
1	17	2
1	18	0
1	19	100
1	20	100
1	21	85
1	22	59
1	23	49
1	24	2
1	25	0
1	26	100
1	27	100
1	28	85
1	29	66
1	30	47
1	31	38
1	32	1
X
2	1	62
2	2	62
2	3	61
2	4	61
2	5	58
2	6	59
2	7	48
2	8	40
2	9	32
2	10	1
2	11	0
2	12	100
2	13	91
2	14	64
2	15	44
2	16	30
2	17	2
2	18	0
2	19	100
2	20	100
2	21	86
2	22	60
2	23	49
2	24	2
2	25	0
2	26	100
2	27	100
2	28	85
2	29	67
2	30	48
2	31	39
2	32	1
X
3	1	92
3	2	91
3	3	89
3	4	85
3	5	79
3	6	72
3	7	61
3	8	46
3	9	37
3	10	2
3	11	0
3	12	100
3	13	90
3	14	66
3	15	46
3	16	34
3	17	2
3	18	0
3	19	100
3	20	100
3	21	87
3	22	61
3	23	50
3	24	2
3	25	0
3	26	100
3	27	100
3	28	86
3	29	69
3	30	49
3	31	40
3	32	1
X
4	1	100
4	2	100
4	3	100
4	4	100
4	5	100
4	6	83
4	7	72
4	8	53
4	9	44
4	10	2
4	11	0
4	12	100
4	13	90
4	14	68
4	15	48
4	16	38
4	17	2
4	18	0
4	19	0
4	20	100
4	21	88
4	22	61
4	23	50
4	24	2
4	25	0
4	26	100
4	27	100
4	28	87
4	29	71
4	30	51
4	31	42
4	32	1
X
5	1	0
5	2	0
5	3	0
5	4	0
5	5	100
5	6	100
5	7	80
5	8	57
5	9	47
5	10	2
5	11	0
5	12	100
5	13	90
5	14	68
5	15	48
5	16	39
5	17	2
5	18	0
5	19	0
5	20	100
5	21	89
5	22	61
5	23	50
5	24	2
5	25	0
5	26	100
5	27	100
5	28	88
5	29	73
5	30	53
5	31	44
5	32	1
X
6	1	2
6	2	2
6	3	2
6	4	0
6	5	0
6	6	100
6	7	86
6	8	60
6	9	49
6	10	2
6	11	0
6	12	100
6	13	91
6	14	68
6	15	48
6	16	39
6	17	2
6	18	0
6	19	0
6	20	100
6	21	90
6	22	62
6	23	50
6	24	2
6	25	0
6	26	100
6	27	100
6	28	89
6	29	74
6	30	53
6	31	44
6	32	1
X
7	1	45
7	2	38
7	3	60
7	4	2
7	5	0
7	6	100
7	7	89
7	8	61
7	9	50
7	10	2
7	11	0
7	12	100
7	13	91
7	14	68
7	15	48
7	16	39
7	17	2
7	18	0
7	19	0
7	20	100
7	21	90
7	22	62
7	23	50
7	24	2
7	25	0
7	26	100
7	27	100
7	28	88
7	29	74
7	30	53
7	31	44
7	32	1
X
8	1	58
8	2	48
8	3	43
8	4	2
8	5	0
8	6	100
8	7	91
8	8	62
8	9	51
8	10	2
8	11	0
8	12	100
8	13	91
8	14	68
8	15	48
8	16	39
8	17	2
8	18	0
8	19	0
8	20	100
8	21	90
8	22	62
8	23	50
8	24	2
8	25	0
8	26	100
8	27	100
8	28	88
8	29	74
8	30	56
8	31	45
8	32	1
X
9	1	83
9	2	71
9	3	65
9	4	1
9	5	0
9	6	100
9	7	92
9	8	62
9	9	51
9	10	2
9	11	0
9	12	100
9	13	91
9	14	68
9	15	48
9	16	39
9	17	2
9	18	0
9	19	0
9	20	100
9	21	90
9	22	62
9	23	50
9	24	2
9	25	0
9	26	100
9	27	100
9	28	88
9	29	73
9	30	55
9	31	45
9	32	36
X
10	1	98
10	2	100
10	3	2
10	4	2
10	5	0
10	6	100
10	7	90
10	8	62
10	9	50
10	10	2
10	11	0
10	12	100
10	13	91
10	14	69
10	15	48
10	16	38
10	17	2
10	18	0
10	19	0
10	20	100
10	21	89
10	22	61
10	23	50
10	24	2
10	25	0
10	26	100
10	27	100
10	28	88
10	29	73
10	30	55
10	31	45
10	32	36
X
11	1	100
11	2	100
11	3	0
11	4	0
11	5	0
11	6	100
11	7	84
11	8	59
11	9	48
11	10	2
11	11	0
11	12	100
11	13	91
11	14	66
11	15	46
11	16	34
11	17	2
11	18	0
11	19	100
11	20	100
11	21	87
11	22	60
11	23	49
11	24	2
11	25	0
11	26	100
11	27	100
11	28	88
11	29	74
11	30	53
11	31	45
11	32	1
X
12	1	93
12	2	100
12	3	100
12	4	100
12	5	100
12	6	97
12	7	76
12	8	54
12	9	45
12	10	2
12	11	0
12	12	100
12	13	92
12	14	64
12	15	44
12	16	30
12	17	2
12	18	0
12	19	100
12	20	100
12	21	85
12	22	59
12	23	49
12	24	2
12	25	0
12	26	100
12	27	100
12	28	88
12	29	74
12	30	53
12	31	44
12	32	1
X
13	1	80
13	2	83
13	3	87
13	4	88
13	5	84
13	6	76
13	7	63
13	8	47
13	9	37
13	10	2
13	11	0
13	12	100
13	13	92
13	14	62
13	15	44
13	16	26
13	17	1
13	18	0
13	19	100
13	20	98
13	21	81
13	22	57
13	23	47
13	24	2
13	25	0
13	26	100
13	27	100
13	28	88
13	29	74
13	30	53
13	31	44
13	32	1
X
14	1	57
14	2	59
14	3	60
14	4	61
14	5	58
14	6	54
14	7	47
14	8	39
14	9	32
14	10	1
14	11	0
14	12	100
14	13	91
14	14	62
14	15	47
14	16	1
14	17	2
14	18	0
14	19	100
14	20	93
14	21	76
14	22	54
14	23	44
14	24	2
14	25	0
14	26	100
14	27	100
14	28	88
14	29	74
14	30	53
14	31	41
14	32	1
X
15	1	47
15	2	48
15	3	49
15	4	49
15	5	48
15	6	45
15	7	37
15	8	32
15	9	1
15	10	2
15	11	0
15	12	100
15	13	89
15	14	61
15	15	50
15	16	2
15	17	0
15	18	0
15	19	100
15	20	89
15	21	68
15	22	48
15	23	37
15	24	2
15	25	0
15	26	100
15	27	100
15	28	86
15	29	72
15	30	57
15	31	49
15	32	42
X
16	1	2
16	2	2
16	3	2
16	4	2
16	5	2
16	6	2
16	7	2
16	8	1
16	9	2
16	10	0
16	11	0
16	12	100
16	13	85
16	14	60
16	15	49
16	16	2
16	17	0
16	18	0
16	19	100
16	20	86
16	21	62
16	22	46
16	23	32
16	24	1
16	25	0
16	26	100
16	27	100
16	28	83
16	29	70
16	30	60
16	31	54
16	32	50
X
17	1	0
17	2	0
17	3	0
17	4	0
17	5	0
17	6	0
17	7	0
17	8	0
17	9	0
17	10	0
17	11	100
17	12	100
17	13	80
17	14	57
17	15	47
17	16	2
17	17	0
17	18	100
17	19	100
17	20	81
17	21	57
17	22	43
17	23	1
17	24	1
17	25	0
17	26	100
17	27	95
17	28	78
17	29	67
17	30	64
17	31	63
17	32	63
X
18	1	100
18	2	100
18	3	100
18	4	100
18	5	100
18	6	100
18	7	100
18	8	100
18	9	100
18	10	100
18	11	100
18	12	83
18	13	72
18	14	53
18	15	44
18	16	2
18	17	0
18	18	100
18	19	96
18	20	77
18	21	54
18	22	44
18	23	1
18	24	2
18	25	0
18	26	100
18	27	92
18	28	72
18	29	62
18	30	59
18	31	58
18	32	54
X
19	1	94
19	2	94
19	3	94
19	4	94
19	5	93
19	6	93
19	7	92
19	8	91
19	9	89
19	10	85
19	11	80
19	12	72
19	13	61
19	14	46
19	15	37
19	16	2
19	17	0
19	18	100
19	19	92
19	20	70
19	21	49
19	22	37
19	23	2
19	24	0
19	25	0
19	26	100
19	27	91
19	28	66
19	29	58
19	30	54
19	31	58
19	32	54
X
20	1	63
20	2	63
20	3	63
20	4	63
20	5	63
20	6	63
20	7	63
20	8	62
20	9	61
20	10	60
20	11	57
20	12	53
20	13	46
20	14	38
20	15	32
20	16	1
20	17	0
20	18	100
20	19	90
20	20	65
20	21	47
20	22	32
20	23	1
20	24	0
20	25	100
20	26	100
20	27	84
20	28	57
20	29	49
20	30	49
20	31	57
20	32	52
X
21	1	51
21	2	51
21	3	51
21	4	51
21	5	51
21	6	51
21	7	51
21	8	50
21	9	50
21	10	49
21	11	47
21	12	44
21	13	37
21	14	32
21	15	1
21	16	2
21	17	0
21	18	100
21	19	88
21	20	61
21	21	46
21	22	1
21	23	1
21	24	0
21	25	100
21	26	100
21	27	75
21	28	51
21	29	44
21	30	49
21	31	60
21	32	59
X
22	1	1
22	2	1
22	3	1
22	4	1
22	5	1
22	6	1
22	7	1
22	8	2
22	9	2
22	10	2
22	11	2
22	12	2
22	13	2
22	14	1
22	15	2
22	16	0
22	17	0
22	18	100
22	19	85
22	20	60
22	21	49
22	22	1
22	23	2
22	24	0
22	25	100
22	26	94
22	27	65
22	28	46
22	29	40
22	30	53
22	31	61
22	32	60
X
23	1	1
23	2	1
23	3	1
23	4	1
23	5	1
23	6	1
23	7	2
23	8	0
23	9	0
23	10	0
23	11	0
23	12	0
23	13	0
23	14	0
23	15	0
23	16	0
23	17	100
23	18	100
23	19	80
23	20	57
23	21	47
23	22	2
23	23	0
23	24	0
23	25	100
23	26	89
23	27	67
23	28	50
23	29	2
23	30	52
23	31	58
23	32	61
X
24	1	0
24	2	0
24	3	0
24	4	0
24	5	0
24	6	0
24	7	0
24	8	0
24	9	0
24	10	100
24	11	100
24	12	100
24	13	100
24	14	100
24	15	100
24	16	100
24	17	100
24	18	83
24	19	72
24	20	53
24	21	44
24	22	2
24	23	0
24	24	100
24	25	100
24	26	80
24	27	63
24	28	1
24	29	1
24	30	48
24	31	54
24	32	59
X
25	1	100
25	2	100
25	3	100
25	4	100
25	5	100
25	6	100
25	7	100
25	8	100
25	9	100
25	10	100
25	11	99
25	12	95
25	13	91
25	14	89
25	15	88
25	16	85
25	17	80
25	18	72
25	19	61
25	20	46
25	21	37
25	22	2
25	23	0
25	24	100
25	25	96
25	26	72
25	27	55
25	28	1
25	29	0
25	30	1
25	31	48
25	32	57
X
26	1	100
26	2	100
26	3	100
26	4	100
26	5	100
26	6	99
26	7	95
26	8	92
26	9	88
26	10	85
26	11	81
26	12	76
26	13	72
26	14	67
26	15	63
26	16	59
26	17	57
26	18	53
26	19	46
26	20	38
26	21	32
26	22	1
26	23	0
26	24	100
26	25	92
26	26	69
26	27	55
26	28	47
26	29	1
26	30	1
26	31	1
26	32	1
X
27	1	88
27	2	88
27	3	88
27	4	87
27	5	85
27	6	82
27	7	79
27	8	76
27	9	72
27	10	66
27	11	59
27	12	53
27	13	51
27	14	46
27	15	46
27	16	45
27	17	47
27	18	44
27	19	37
27	20	32
27	21	1
27	22	1
27	23	0
27	24	100
27	25	89
27	26	74
27	27	63
27	28	59
27	29	57
27	30	52
27	31	1
27	32	1
X
28	1	75
28	2	75
28	3	74
28	4	73
28	5	70
28	6	67
28	7	61
28	8	56
28	9	52
28	10	47
28	11	42
28	12	39
28	13	39
28	14	35
28	15	31
28	16	1
28	17	2
28	18	2
28	19	2
28	20	1
28	21	1
28	22	0
28	23	100
28	24	100
28	25	83
28	26	78
28	27	76
28	28	75
28	29	69
28	30	61
28	31	51
28	32	46
X
29	1	54
29	2	54
29	3	53
29	4	52
29	5	51
29	6	48
29	7	44
29	8	40
29	9	38
29	10	35
29	11	31
29	12	26
29	13	1
29	14	2
29	15	1
29	16	2
29	17	0
29	18	0
29	19	0
29	20	0
29	21	0
29	22	100
29	23	100
29	24	86
29	25	76
29	26	75
29	27	79
29	28	82
29	29	81
29	30	71
29	31	62
29	32	53
X
30	1	38
30	2	38
30	3	38
30	4	38
30	5	37
30	6	37
30	7	33
30	8	30
30	9	26
30	10	1
30	11	2
30	12	1
30	13	2
30	14	0
30	15	0
30	16	0
30	17	0
30	18	100
30	19	100
30	20	100
30	21	100
30	22	100
30	23	89
30	24	77
30	25	71
30	26	73
30	27	82
30	28	89
30	29	90
30	30	84
30	31	76
30	32	71
X
31	1	26
31	2	26
31	3	26
31	4	26
31	5	26
31	6	26
31	7	1
31	8	1
31	9	0
31	10	1
31	11	0
31	12	0
31	13	0
31	14	0
31	15	0
31	16	100
31	17	100
31	18	100
31	19	100
31	20	92
31	21	87
31	22	84
31	23	82
31	24	75
31	25	71
31	26	74
31	27	85
31	28	95
31	29	97
31	30	91
31	31	83
31	32	76
X
32	1	1
32	2	1
32	3	1
32	4	1
32	5	1
32	6	0
32	7	0
32	8	0
32	9	1
32	10	0
32	11	0
32	12	0
32	13	0
32	14	100
32	15	100
32	16	100
32	17	100
32	18	96
32	19	88
32	20	79
32	21	75
32	22	75
32	23	78
32	24	76
32	25	74
32	26	76
32	27	89
32	28	98
32	29	100
32	30	97
32	31	88
32	32	81
X
# File:    /tmp/idemo-205.dmp
# Creator: HODGE-C SunOS/Solaris 1.1 version 0.98j (042) (C) 1993 by Joerg Heitkoetter
# Grid:    32x32
# Colors:  100
1	1	73
1	2	73
1	3	74
1	4	74
1	5	75
1	6	64
1	7	59
1	8	46
1	9	40
1	10	31
1	11	2
1	12	0
1	13	100
1	14	90
1	15	69
1	16	49
1	17	39
1	18	2
1	19	0
1	20	0
1	21	100
1	22	89
1	23	61
1	24	50
1	25	2
1	26	0
1	27	0
1	28	100
1	29	91
1	30	75
1	31	53
1	32	38
X
2	1	90
2	2	89
2	3	89
2	4	87
2	5	86
2	6	77
2	7	70
2	8	58
2	9	46
2	10	37
2	11	2
2	12	0
2	13	100
2	14	91
2	15	71
2	16	50
2	17	41
2	18	2
2	19	0
2	20	0
2	21	100
2	22	90
2	23	62
2	24	50
2	25	2
2	26	0
2	27	0
2	28	100
2	29	91
2	30	76
2	31	54
2	32	38
X
3	1	100
3	2	100
3	3	100
3	4	100
3	5	100
3	6	100
3	7	84
3	8	73
3	9	53
3	10	44
3	11	2
3	12	0
3	13	100
3	14	92
3	15	73
3	16	52
3	17	43
3	18	2
3	19	0
3	20	0
3	21	100
3	22	90
3	23	62
3	24	50
3	25	2
3	26	0
3	27	0
3	28	100
3	29	93
3	30	77
3	31	55
3	32	39
X
4	1	0
4	2	0
4	3	0
4	4	0
4	5	0
4	6	100
4	7	100
4	8	80
4	9	57
4	10	47
4	11	2
4	12	0
4	13	100
4	14	93
4	15	75
4	16	53
4	17	44
4	18	1
4	19	2
4	20	0
4	21	100
4	22	91
4	23	62
4	24	51
4	25	2
4	26	0
4	27	0
4	28	100
4	29	94
4	30	79
4	31	56
4	32	39
X
5	1	2
5	2	2
5	3	1
5	4	2
5	5	0
5	6	0
5	7	100
5	8	85
5	9	60
5	10	49
5	11	2
5	12	0
5	13	100
5	14	93
5	15	76
5	16	54
5	17	45
5	18	1
5	19	1
5	20	0
5	21	100
5	22	91
5	23	62
5	24	51
5	25	2
5	26	0
5	27	0
5	28	100
5	29	96
5	30	81
5	31	57
5	32	40
X
6	1	47
6	2	49
6	3	45
6	4	1
6	5	2
6	6	0
6	7	100
6	8	89
6	9	61
6	10	50
6	11	2
6	12	0
6	13	100
6	14	93
6	15	76
6	16	54
6	17	45
6	18	1
6	19	1
6	20	0
6	21	100
6	22	92
6	23	62
6	24	51
6	25	2
6	26	0
6	27	0
6	28	100
6	29	96
6	30	81
6	31	57
6	32	40
X
7	1	58
7	2	58
7	3	49
7	4	46
7	5	1
7	6	0
7	7	100
7	8	91
7	9	62
7	10	51
7	11	2
7	12	0
7	13	100
7	14	94
7	15	76
7	16	54
7	17	45
7	18	1
7	19	1
7	20	0
7	21	100
7	22	92
7	23	63
7	24	51
7	25	2
7	26	0
7	27	0
7	28	100
7	29	97
7	30	82
7	31	58
7	32	40
X
8	1	83
8	2	81
8	3	61
8	4	53
8	5	2
8	6	0
8	7	100
8	8	92
8	9	63
8	10	51
8	11	2
8	12	0
8	13	100
8	14	94
8	15	76
8	16	54
8	17	45
8	18	1
8	19	1
8	20	0
8	21	100
8	22	92
8	23	63
8	24	51
8	25	2
8	26	0
8	27	0
8	28	100
8	29	97
8	30	82
8	31	62
8	32	48
X
9	1	100
9	2	96
9	3	66
9	4	44
9	5	2
9	6	0
9	7	100
9	8	92
9	9	63
9	10	51
9	11	2
9	12	0
9	13	100
9	14	94
9	15	76
9	16	54
9	17	45
9	18	1
9	19	1
9	20	0
9	21	100
9	22	92
9	23	62
9	24	51
9	25	2
9	26	0
9	27	0
9	28	100
9	29	97
9	30	82
9	31	66
9	32	56
X
10	1	100
10	2	0
10	3	93
10	4	42
10	5	1
10	6	0
10	7	100
10	8	91
10	9	62
10	10	50
10	11	2
10	12	0
10	13	100
10	14	93
10	15	75
10	16	53
10	17	44
10	18	1
10	19	2
10	20	0
10	21	100
10	22	91
10	23	62
10	24	50
10	25	2
10	26	0
10	27	0
10	28	100
10	29	96
10	30	82
10	31	66
10	32	56
X
11	1	0
11	2	0
11	3	2
11	4	1
11	5	2
11	6	0
11	7	100
11	8	88
11	9	61
11	10	49
11	11	2
11	12	0
11	13	100
11	14	92
11	15	73
11	16	52
11	17	43
11	18	2
11	19	0
11	20	0
11	21	100
11	22	90
11	23	62
11	24	50
11	25	2
11	26	0
11	27	0
11	28	100
11	29	96
11	30	82
11	31	62
11	32	48
X
12	1	100
12	2	0
12	3	0
12	4	0
12	5	0
12	6	100
12	7	100
12	8	82
12	9	57
12	10	47
12	11	2
12	12	0
12	13	100
12	14	91
12	15	71
12	16	50
12	17	40
12	18	2
12	19	0
12	20	0
12	21	100
12	22	88
12	23	61
12	24	50
12	25	2
12	26	0
12	27	0
12	28	100
12	29	96
12	30	82
12	31	57
12	32	40
X
13	1	100
13	2	100
13	3	100
13	4	100
13	5	100
13	6	100
13	7	86
13	8	73
13	9	53
13	10	44
13	11	2
13	12	0
13	13	100
13	14	91
13	15	67
13	16	46
13	17	35
13	18	2
13	19	0
13	20	100
13	21	100
13	22	86
13	23	60
13	24	49
13	25	2
13	26	0
13	27	0
13	28	100
13	29	96
13	30	81
13	31	57
13	32	40
X
14	1	87
14	2	88
14	3	89
14	4	89
14	5	87
14	6	81
14	7	73
14	8	62
14	9	46
14	10	37
14	11	2
14	12	0
14	13	100
14	14	91
14	15	64
14	16	46
14	17	31
14	18	1
14	19	0
14	20	100
14	21	98
14	22	81
14	23	57
14	24	47
14	25	2
14	26	0
14	27	0
14	28	100
14	29	96
14	30	82
14	31	62
14	32	49
X
15	1	60
15	2	61
15	3	61
15	4	61
15	5	60
15	6	57
15	7	53
15	8	46
15	9	38
15	10	32
15	11	1
15	12	0
15	13	100
15	14	91
15	15	62
15	16	46
15	17	1
15	18	1
15	19	0
15	20	100
15	21	94
15	22	76
15	23	54
15	24	44
15	25	2
15	26	0
15	27	0
15	28	100
15	29	96
15	30	83
15	31	70
15	32	61
X
16	1	49
16	2	50
16	3	50
16	4	50
16	5	49
16	6	47
16	7	44
16	8	37
16	9	32
16	10	1
16	11	2
16	12	0
16	13	100
16	14	89
16	15	61
16	16	50
16	17	1
16	18	2
16	19	0
16	20	100
16	21	89
16	22	68
16	23	48
16	24	37
16	25	2
16	26	0
16	27	0
16	28	100
16	29	95
16	30	86
16	31	80
16	32	77
X
17	1	2
17	2	2
17	3	2
17	4	2
17	5	2
17	6	2
17	7	2
17	8	2
17	9	1
17	10	2
17	11	0
17	12	0
17	13	100
17	14	85
17	15	60
17	16	49
17	17	2
17	18	0
17	19	0
17	20	100
17	21	86
17	22	62
17	23	44
17	24	31
17	25	2
17	26	0
17	27	100
17	28	100
17	29	93
17	30	86
17	31	83
17	32	81
X
18	1	0
18	2	0
18	3	0
18	4	0
18	5	0
18	6	0
18	7	0
18	8	0
18	9	0
18	10	0
18	11	0
18	12	100
18	13	100
18	14	80
18	15	57
18	16	47
18	17	2
18	18	0
18	19	100
18	20	100
18	21	81
18	22	57
18	23	41
18	24	26
18	25	1
18	26	0
18	27	100
18	28	100
18	29	89
18	30	85
18	31	83
18	32	82
X
19	1	100
19	2	100
19	3	100
19	4	100
19	5	100
19	6	100
19	7	100
19	8	100
19	9	100
19	10	100
19	11	100
19	12	100
19	13	83
19	14	72
19	15	53
19	16	44
19	17	2
19	18	0
19	19	100
19	20	96
19	21	77
19	22	54
19	23	42
19	24	1
19	25	2
19	26	0
19	27	100
19	28	95
19	29	83
19	30	81
19	31	80
19	32	79
X
20	1	94
20	2	94
20	3	94
20	4	94
20	5	94
20	6	93
20	7	93
20	8	92
20	9	91
20	10	89
20	11	85
20	12	80
20	13	72
20	14	61
20	15	46
20	16	37
20	17	2
20	18	0
20	19	100
20	20	92
20	21	70
20	22	49
20	23	37
20	24	2
20	25	0
20	26	0
20	27	100
20	28	88
20	29	78
20	30	78
20	31	79
20	32	81
X
21	1	63
21	2	63
21	3	63
21	4	63
21	5	63
21	6	63
21	7	63
21	8	63
21	9	62
21	10	61
21	11	60
21	12	57
21	13	53
21	14	46
21	15	38
21	16	32
21	17	1
21	18	0
21	19	100
21	20	90
21	21	65
21	22	45
21	23	31
21	24	2
21	25	0
21	26	0
21	27	100
21	28	81
21	29	73
21	30	76
21	31	80
21	32	82
X
22	1	42
22	2	42
22	3	42
22	4	42
22	5	42
22	6	42
22	7	44
22	8	47
22	9	50
22	10	50
22	11	49
22	12	47
22	13	44
22	14	37
22	15	32
22	16	1
22	17	2
22	18	0
22	19	100
22	20	88
22	21	61
22	22	43
22	23	26
22	24	1
22	25	0
22	26	100
22	27	100
22	28	73
22	29	68
22	30	71
22	31	82
22	32	84
X
23	1	26
23	2	26
23	3	26
23	4	26
23	5	26
23	6	26
23	7	26
23	8	1
23	9	1
23	10	2
23	11	2
23	12	2
23	13	2
23	14	2
23	15	1
23	16	2
23	17	0
23	18	0
23	19	100
23	20	85
23	21	60
23	22	46
23	23	1
23	24	2
23	25	0
23	26	100
23	27	86
23	28	62
23	29	57
23	30	66
23	31	81
23	32	84
X
24	1	2
24	2	2
24	3	2
24	4	2
24	5	2
24	6	2
24	7	1
24	8	1
24	9	2
24	10	0
24	11	0
24	12	0
24	13	0
24	14	0
24	15	0
24	16	0
24	17	0
24	18	100
24	19	100
24	20	80
24	21	57
24	22	47
24	23	2
24	24	0
24	25	0
24	26	100
24	27	78
24	28	55
24	29	44
24	30	58
24	31	73
24	32	82
X
25	1	0
25	2	0
25	3	0
25	4	0
25	5	0
25	6	0
25	7	0
25	8	0
25	9	0
25	10	0
25	11	100
25	12	100
25	13	100
25	14	100
25	15	100
25	16	100
25	17	100
25	18	100
25	19	83
25	20	72
25	21	53
25	22	44
25	23	2
25	24	0
25	25	100
25	26	100
25	27	74
25	28	53
25	29	2
25	30	44
25	31	55
25	32	62
X
26	1	0
26	2	0
26	3	0
26	4	0
26	5	0
26	6	100
26	7	100
26	8	100
26	9	100
26	10	100
26	11	100
26	12	100
26	13	96
26	14	93
26	15	90
26	16	88
26	17	85
26	18	80
26	19	72
26	20	61
26	21	46
26	22	37
26	23	2
26	24	0
26	25	100
26	26	98
26	27	80
26	28	67
26	29	52
26	30	45
26	31	43
26	32	43
X
27	1	100
27	2	100
27	3	100
27	4	100
27	5	100
27	6	100
27	7	100
27	8	99
27	9	95
27	10	90
27	11	85
27	12	81
27	13	78
27	14	75
27	15	68
27	16	64
27	17	59
27	18	57
27	19	53
27	20	46
27	21	38
27	22	52
27	23	2
27	24	0
27	25	100
27	26	100
27	27	91
27	28	80
27	29	71
27	30	57
27	31	48
27	32	41
X
28	1	97
28	2	97
28	3	96
28	4	95
28	5	93
28	6	90
28	7	86
28	8	82
28	9	78
28	10	74
28	11	69
28	12	62
28	13	57
28	14	53
28	15	48
28	16	46
28	17	45
28	18	47
28	19	44
28	20	37
28	21	52
28	22	2
28	23	0
28	24	0
28	25	100
28	26	100
28	27	98
28	28	96
28	29	92
28	30	81
28	31	69
28	32	59
X
29	1	80
29	2	80
29	3	80
29	4	79
29	5	77
29	6	74
29	7	71
29	8	67
29	9	61
29	10	55
29	11	49
29	12	45
29	13	43
29	14	40
29	15	37
29	16	32
29	17	1
29	18	2
29	19	2
29	20	2
29	21	2
29	22	0
29	23	0
29	24	100
29	25	100
29	26	100
29	27	100
29	28	100
29	29	100
29	30	96
29	31	88
29	32	83
X
30	1	64
30	2	64
30	3	64
30	4	63
30	5	62
30	6	58
30	7	53
30	8	51
30	9	46
30	10	44
30	11	38
30	12	35
30	13	31
30	14	1
30	15	1
30	16	1
30	17	2
30	18	0
30	19	0
30	20	0
30	21	0
30	22	0
30	23	100
30	24	100
30	25	100
30	26	100
30	27	100
30	28	100
30	29	100
30	30	100
30	31	99
30	32	94
X
31	1	46
31	2	46
31	3	46
31	4	46
31	5	49
31	6	48
31	7	46
31	8	40
31	9	2
31	10	31
31	11	1
31	12	1
31	13	0
31	14	1
31	15	2
31	16	0
31	17	0
31	18	0
31	19	0
31	20	100
31	21	100
31	22	100
31	23	100
31	24	100
31	25	99
31	26	100
31	27	100
31	28	100
31	29	100
31	30	100
31	31	100
31	32	100
X
32	1	34
32	2	34
32	3	34
32	4	34
32	5	36
32	6	1
32	7	1
32	8	1
32	9	26
32	10	1
32	11	0
32	12	0
32	13	1
32	14	0
32	15	0
32	16	0
32	17	0
32	18	100
32	19	100
32	20	100
32	21	100
32	22	100
32	23	100
32	24	100
32	25	99
32	26	100
32	27	100
32	28	100
32	29	0
32	30	100
32	31	100
32	32	100
X
# File:    /tmp/idemo-206.dmp
# Creator: HODGE-C SunOS/Solaris 1.1 version 0.98j (042) (C) 1993 by Joerg Heitkoetter
# Grid:    32x32
# Colors:  100
1	1	100
1	2	100
1	3	100
1	4	100
1	5	100
1	6	94
1	7	85
1	8	76
1	9	66
1	10	50
1	11	42
1	12	2
1	13	0
1	14	100
1	15	94
1	16	77
1	17	55
1	18	45
1	19	1
1	20	1
1	21	0
1	22	100
1	23	91
1	24	62
1	25	51
1	26	1
1	27	1
1	28	0
1	29	100
1	30	98
1	31	80
1	32	68
X
2	1	100
2	2	100
2	3	100
2	4	100
2	5	100
2	6	100
2	7	100
2	8	83
2	9	72
2	10	53
2	11	44
2	12	2
2	13	0
2	14	100
2	15	95
2	16	79
2	17	56
2	18	46
2	19	1
2	20	1
2	21	0
2	22	100
2	23	92
2	24	62
2	25	51
2	26	1
2	27	1
2	28	0
2	29	100
2	30	98
2	31	81
2	32	68
X
3	1	0
3	2	0
3	3	0
3	4	0
3	5	0
3	6	0
3	7	100
3	8	100
3	9	80
3	10	57
3	11	47
3	12	2
3	13	0
3	14	100
3	15	97
3	16	80
3	17	57
3	18	44
3	19	1
3	20	1
3	21	0
3	22	100
3	23	92
3	24	63
3	25	51
3	26	1
3	27	1
3	28	0
3	29	100
3	30	100
3	31	82
3	32	69
X
4	1	2
4	2	2
4	3	2
4	4	1
4	5	2
4	6	0
4	7	0
4	8	100
4	9	85
4	10	60
4	11	49
4	12	2
4	13	0
4	14	100
4	15	98
4	16	82
4	17	57
4	18	42
4	19	26
4	20	1
4	21	0
4	22	100
4	23	92
4	24	63
4	25	51
4	26	1
4	27	1
4	28	0
4	29	100
4	30	100
4	31	83
4	32	69
X
5	1	49
5	2	49
5	3	41
5	4	35
5	5	1
5	6	2
5	7	0
5	8	100
5	9	89
5	10	61
5	11	50
5	12	2
5	13	0
5	14	100
5	15	99
5	16	83
5	17	58
5	18	40
5	19	26
5	20	2
5	21	0
5	22	100
5	23	93
5	24	63
5	25	51
5	26	1
5	27	1
5	28	0
5	29	100
5	30	100
5	31	83
5	32	70
X
6	1	60
6	2	59
6	3	53
6	4	43
6	5	35
6	6	1
6	7	0
6	8	100
6	9	91
6	10	62
6	11	51
6	12	2
6	13	0
6	14	100
6	15	99
6	16	83
6	17	58
6	18	40
6	19	26
6	20	2
6	21	0
6	22	100
6	23	93
6	24	63
6	25	51
6	26	1
6	27	1
6	28	0
6	29	100
6	30	100
6	31	84
6	32	70
X
7	1	87
7	2	84
7	3	74
7	4	53
7	5	42
7	6	2
7	7	0
7	8	100
7	9	92
7	10	63
7	11	51
7	12	2
7	13	0
7	14	100
7	15	99
7	16	83
7	17	58
7	18	40
7	19	26
7	20	2
7	21	0
7	22	100
7	23	93
7	24	63
7	25	51
7	26	1
7	27	1
7	28	0
7	29	100
7	30	100
7	31	86
7	32	73
X
8	1	100
8	2	100
8	3	86
8	4	61
8	5	49
8	6	2
8	7	0
8	8	100
8	9	93
8	10	63
8	11	51
8	12	2
8	13	0
8	14	100
8	15	99
8	16	83
8	17	58
8	18	40
8	19	26
8	20	2
8	21	0
8	22	100
8	23	93
8	24	63
8	25	51
8	26	1
8	27	1
8	28	0
8	29	100
8	30	100
8	31	89
8	32	77
X
9	1	0
9	2	100
9	3	92
9	4	65
9	5	49
9	6	2
9	7	0
9	8	100
9	9	93
9	10	63
9	11	51
9	12	2
9	13	0
9	14	100
9	15	99
9	16	83
9	17	58
9	18	40
9	19	26
9	20	2
9	21	0
9	22	100
9	23	93
9	24	63
9	25	51
9	26	1
9	27	1
9	28	0
9	29	100
9	30	100
9	31	91
9	32	82
X
10	1	0
10	2	2
10	3	74
10	4	53
10	5	40
10	6	2
10	7	0
10	8	100
10	9	92
10	10	63
10	11	51
10	12	2
10	13	0
10	14	100
10	15	98
10	16	82
10	17	57
10	18	42
10	19	26
10	20	1
10	21	0
10	22	100
10	23	92
10	24	63
10	25	51
10	26	1
10	27	1
10	28	0
10	29	100
10	30	100
10	31	91
10	32	82
X
11	1	2
11	2	1
11	3	59
11	4	48
11	5	61
11	6	2
11	7	0
11	8	100
11	9	90
11	10	61
11	11	50
11	12	2
11	13	0
11	14	100
11	15	97
11	16	80
11	17	56
11	18	44
11	19	1
11	20	1
11	21	0
11	22	100
11	23	92
11	24	62
11	25	51
11	26	1
11	27	1
11	28	0
11	29	100
11	30	100
11	31	88
11	32	77
X
12	1	0
12	2	2
12	3	1
12	4	2
12	5	2
12	6	0
12	7	0
12	8	100
12	9	86
12	10	60
12	11	49
12	12	2
12	13	0
12	14	100
12	15	95
12	16	78
12	17	55
12	18	45
12	19	1
12	20	2
12	21	0
12	22	100
12	23	91
12	24	62
12	25	50
12	26	1
12	27	1
12	28	0
12	29	100
12	30	100
12	31	86
12	32	73
X
13	1	0
13	2	0
13	3	0
13	4	0
13	5	0
13	6	0
13	7	100
13	8	100
13	9	80
13	10	57
13	11	47
13	12	2
13	13	0
13	14	100
13	15	93
13	16	75
13	17	53
13	18	43
13	19	2
13	20	0
13	21	0
13	22	100
13	23	89
13	24	61
13	25	50
13	26	1
13	27	1
13	28	0
13	29	100
13	30	100
13	31	86
13	32	73
X
14	1	100
14	2	100
14	3	100
14	4	100
14	5	100
14	6	100
14	7	100
14	8	83
14	9	72
14	10	53
14	11	44
14	12	2
14	13	0
14	14	100
14	15	92
14	16	69
14	17	48
14	18	36
14	19	2
14	20	0
14	21	100
14	22	100
14	23	86
14	24	60
14	25	49
14	26	1
14	27	1
14	28	0
14	29	100
14	30	100
14	31	90
14	32	79
X
15	1	90
15	2	91
15	3	91
15	4	91
15	5	89
15	6	86
15	7	80
15	8	72
15	9	61
15	10	46
15	11	37
15	12	2
15	13	0
15	14	100
15	15	91
15	16	65
15	17	44
15	18	31
15	19	2
15	20	0
15	21	100
15	22	98
15	23	81
15	24	57
15	25	47
15	26	1
15	27	1
15	28	0
15	29	100
15	30	100
15	31	97
15	32	90
X
16	1	62
16	2	62
16	3	62
16	4	62
16	5	61
16	6	60
16	7	57
16	8	53
16	9	46
16	10	38
16	11	32
16	12	1
16	13	0
16	14	100
16	15	90
16	16	61
16	17	44
16	18	26
16	19	1
16	20	0
16	21	100
16	22	94
16	23	76
16	24	54
16	25	44
16	26	1
16	27	2
16	28	0
16	29	100
16	30	100
16	31	100
16	32	99
X
17	1	50
17	2	50
17	3	51
17	4	50
17	5	50
17	6	49
17	7	47
17	8	44
17	9	37
17	10	32
17	11	1
17	12	2
17	13	0
17	14	100
17	15	89
17	16	61
17	17	46
17	18	1
17	19	2
17	20	0
17	21	100
17	22	89
17	23	71
17	24	50
17	25	41
17	26	2
17	27	0
17	28	0
17	29	100
17	30	100
17	31	100
17	32	100
X
18	1	2
18	2	2
18	3	2
18	4	2
18	5	2
18	6	2
18	7	2
18	8	2
18	9	2
18	10	1
18	11	2
18	12	0
18	13	0
18	14	100
18	15	85
18	16	60
18	17	49
18	18	2
18	19	0
18	20	0
18	21	100
18	22	85
18	23	64
18	24	46
18	25	35
18	26	2
18	27	0
18	28	0
18	29	100
18	30	100
18	31	100
18	32	100
X
19	1	0
19	2	0
19	3	0
19	4	0
19	5	0
19	6	0
19	7	0
19	8	0
19	9	0
19	10	0
19	11	0
19	12	0
19	13	100
19	14	100
19	15	80
19	16	57
19	17	47
19	18	2
19	19	0
19	20	100
19	21	100
19	22	81
19	23	59
19	24	44
19	25	31
19	26	1
19	27	0
19	28	100
19	29	100
19	30	100
19	31	100
19	32	100
X
20	1	100
20	2	100
20	3	100
20	4	100
20	5	100
20	6	100
20	7	100
20	8	100
20	9	100
20	10	100
20	11	100
20	12	100
20	13	100
20	14	83
20	15	72
20	16	53
20	17	44
20	18	2
20	19	0
20	20	100
20	21	95
20	22	77
20	23	54
20	24	41
20	25	1
20	26	1
20	27	0
20	28	100
20	29	100
20	30	100
20	31	100
20	32	100
X
21	1	91
21	2	91
21	3	91
21	4	91
21	5	91
21	6	91
21	7	91
21	8	92
21	9	92
21	10	91
21	11	89
21	12	85
21	13	80
21	14	72
21	15	61
21	16	46
21	17	37
21	18	2
21	19	0
21	20	100
21	21	92
21	22	72
21	23	51
21	24	41
21	25	1
21	26	2
21	27	0
21	28	100
21	29	100
21	30	100
21	31	100
21	32	100
X
22	1	68
22	2	68
22	3	68
22	4	68
22	5	68
22	6	68
22	7	66
22	8	64
22	9	62
22	10	62
22	11	61
22	12	60
22	13	57
22	14	53
22	15	46
22	16	38
22	17	32
22	18	1
22	19	0
22	20	100
22	21	89
22	22	67
22	23	46
22	24	35
22	25	2
22	26	0
22	27	0
22	28	100
22	29	94
22	30	97
22	31	100
22	32	100
X
23	1	48
23	2	48
23	3	48
23	4	48
23	5	48
23	6	48
23	7	46
23	8	44
23	9	44
23	10	47
23	11	50
23	12	49
23	13	47
23	14	44
23	15	37
23	16	32
23	17	1
23	18	2
23	19	0
23	20	100
23	21	88
23	22	63
23	23	46
23	24	31
23	25	1
23	26	0
23	27	100
23	28	100
23	29	86
23	30	91
23	31	100
23	32	100
X
24	1	39
24	2	39
24	3	39
24	4	39
24	5	39
24	6	38
24	7	34
24	8	30
24	9	26
24	10	1
24	11	2
24	12	2
24	13	2
24	14	2
24	15	2
24	16	1
24	17	2
24	18	0
24	19	0
24	20	100
24	21	85
24	22	59
24	23	45
24	24	1
24	25	2
24	26	0
24	27	100
24	28	81
24	29	74
24	30	78
24	31	92
24	32	98
X
25	1	1
25	2	1
25	3	1
25	4	1
25	5	1
25	6	2
25	7	2
25	8	2
25	9	1
25	10	2
25	11	0
25	12	0
25	13	0
25	14	0
25	15	0
25	16	0
25	17	0
25	18	0
25	19	100
25	20	100
25	21	80
25	22	57
25	23	47
25	24	2
25	25	0
25	26	0
25	27	100
25	28	81
25	29	71
25	30	71
25	31	81
25	32	85
X
26	1	1
26	2	1
26	3	1
26	4	1
26	5	2
26	6	0
26	7	0
26	8	0
26	9	0
26	10	0
26	11	0
26	12	0
26	13	100
26	14	100
26	15	100
26	16	100
26	17	100
26	18	100
26	19	100
26	20	83
26	21	74
26	22	55
26	23	48
26	24	2
26	25	0
26	26	100
26	27	100
26	28	88
26	29	77
26	30	71
26	31	73
26	32	73
X
27	1	0
27	2	0
27	3	0
27	4	0
27	5	0
27	6	0
27	7	0
27	8	100
27	9	100
27	10	100
27	11	100
27	12	100
27	13	100
27	14	98
27	15	94
27	16	90
27	17	88
27	18	85
27	19	80
27	20	74
27	21	66
27	22	53
27	23	44
27	24	1
27	25	0
27	26	0
27	27	100
27	28	100
27	29	96
27	30	87
27	31	79
27	32	74
X
28	1	100
28	2	100
28	3	100
28	4	100
28	5	100
28	6	100
28	7	100
28	8	100
28	9	100
28	10	97
28	11	92
28	12	88
28	13	84
28	14	80
28	15	76
28	16	69
28	17	64
28	18	59
28	19	57
28	20	55
28	21	53
28	22	49
28	23	1
28	24	2
28	25	0
28	26	0
28	27	100
28	28	100
28	29	100
28	30	100
28	31	94
28	32	88
X
29	1	100
29	2	100
29	3	100
29	4	100
29	5	100
29	6	98
29	7	95
29	8	91
29	9	87
29	10	82
29	11	77
29	12	72
29	13	65
29	14	59
29	15	53
29	16	48
29	17	47
29	18	45
29	19	47
29	20	48
29	21	44
29	22	1
29	23	1
29	24	0
29	25	0
29	26	0
29	27	0
29	28	0
29	29	0
29	30	100
29	31	100
29	32	100
X
30	1	88
30	2	88
30	3	88
30	4	87
30	5	86
30	6	84
30	7	81
30	8	73
30	9	69
30	10	61
30	11	58
30	12	55
30	13	49
30	14	44
30	15	39
30	16	35
30	17	32
30	18	1
30	19	1
30	20	2
30	21	1
30	22	2
30	23	0
30	24	0
30	25	0
30	26	0
30	27	0
30	28	0
30	29	0
30	30	0
30	31	100
30	32	100
X
31	1	73
31	2	73
31	3	72
31	4	73
31	5	69
31	6	64
31	7	58
31	8	54
31	9	51
31	10	48
31	11	46
31	12	42
31	13	2
31	14	31
31	15	26
31	16	1
31	17	0
31	18	1
31	19	2
31	20	0
31	21	0
31	22	0
31	23	0
31	24	0
31	25	100
31	26	0
31	27	0
31	28	0
31	29	0
31	30	0
31	31	0
31	32	0
X
32	1	63
32	2	63
32	3	63
32	4	63
32	5	56
32	6	49
32	7	40
32	8	41
32	9	39
32	10	37
32	11	1
32	12	1
32	13	26
32	14	1
32	15	0
32	16	0
32	17	1
32	18	0
32	19	0
32	20	0
32	21	0
32	22	0
32	23	0
32	24	0
32	25	68
32	26	0
32	27	0
32	28	0
32	29	3
32	30	0
32	31	0
32	32	0
X
# File:    /tmp/idemo-207.dmp
# Creator: HODGE-C SunOS/Solaris 1.1 version 0.98j (042) (C) 1993 by Joerg Heitkoetter
# Grid:    32x32
# Colors:  100
1	1	0
1	2	0
1	3	0
1	4	0
1	5	0
1	6	100
1	7	100
1	8	100
1	9	90
1	10	78
1	11	56
1	12	47
1	13	2
1	14	0
1	15	100
1	16	100
1	17	84
1	18	58
1	19	40
1	20	26
1	21	2
1	22	0
1	23	100
1	24	93
1	25	63
1	26	42
1	27	26
1	28	2
1	29	0
1	30	100
1	31	100
1	32	97
X
2	1	0
2	2	0
2	3	0
2	4	0
2	5	0
2	6	0
2	7	0
2	8	100
2	9	100
2	10	81
2	11	58
2	12	48
2	13	2
2	14	0
2	15	100
2	16	100
2	17	84
2	18	59
2	19	40
2	20	26
2	21	2
2	22	0
2	23	100
2	24	93
2	25	63
2	26	42
2	27	26
2	28	2
2	29	0
2	30	100
2	31	100
2	32	97
X
3	1	2
3	2	2
3	3	2
3	4	2
3	5	1
3	6	2
3	7	0
3	8	0
3	9	100
3	10	85
3	11	60
3	12	49
3	13	2
3	14	0
3	15	100
3	16	100
3	17	85
3	18	61
3	19	43
3	20	30
3	21	2
3	22	0
3	23	100
3	24	93
3	25	63
3	26	42
3	27	26
3	28	2
3	29	0
3	30	0
3	31	100
3	32	98
X
4	1	50
4	2	49
4	3	46
4	4	38
4	5	33
4	6	1
4	7	2
4	8	0
4	9	100
4	10	89
4	11	61
4	12	50
4	13	2
4	14	0
4	15	100
4	16	100
4	17	85
4	18	64
4	19	45
4	20	34
4	21	2
4	22	0
4	23	100
4	24	93
4	25	63
4	26	42
4	27	26
4	28	2
4	29	0
4	30	0
4	31	100
4	32	98
X
5	1	61
5	2	60
5	3	56
5	4	48
5	5	40
5	6	33
5	7	1
5	8	0
5	9	100
5	10	91
5	11	62
5	12	51
5	13	2
5	14	0
5	15	100
5	16	100
5	17	85
5	18	66
5	19	47
5	20	38
5	21	2
5	22	0
5	23	100
5	24	93
5	25	63
5	26	42
5	27	26
5	28	2
5	29	0
5	30	0
5	31	100
5	32	99
X
6	1	89
6	2	86
6	3	79
6	4	66
6	5	48
6	6	38
6	7	2
6	8	0
6	9	100
6	10	92
6	11	63
6	12	51
6	13	2
6	14	0
6	15	100
6	16	100
6	17	85
6	18	66
6	19	47
6	20	39
6	21	2
6	22	0
6	23	100
6	24	94
6	25	63
6	26	42
6	27	26
6	28	2
6	29	0
6	30	0
6	31	100
6	32	100
X
7	1	100
7	2	100
7	3	100
7	4	80
7	5	57
7	6	46
7	7	2
7	8	0
7	9	100
7	10	93
7	11	63
7	12	51
7	13	2
7	14	0
7	15	100
7	16	100
7	17	85
7	18	66
7	19	47
7	20	39
7	21	2
7	22	0
7	23	100
7	24	94
7	25	63
7	26	42
7	27	26
7	28	2
7	29	0
7	30	0
7	31	100
7	32	100
X
8	1	0
8	2	0
8	3	100
8	4	88
8	5	61
8	6	49
8	7	2
8	8	0
8	9	100
8	10	93
8	11	63
8	12	51
8	13	2
8	14	0
8	15	100
8	16	100
8	17	85
8	18	66
8	19	47
8	20	39
8	21	2
8	22	0
8	23	100
8	24	94
8	25	63
8	26	42
8	27	26
8	28	2
8	29	0
8	30	0
8	31	100
8	32	100
X
9	1	2
9	2	0
9	3	100
9	4	88
9	5	60
9	6	49
9	7	2
9	8	0
9	9	100
9	10	93
9	11	63
9	12	51
9	13	2
9	14	0
9	15	100
9	16	100
9	17	85
9	18	66
9	19	47
9	20	38
9	21	2
9	22	0
9	23	100
9	24	93
9	25	63
9	26	42
9	27	26
9	28	2
9	29	0
9	30	0
9	31	100
9	32	100
X
10	1	1
10	2	80
10	3	86
10	4	85
10	5	60
10	6	51
10	7	2
10	8	0
10	9	100
10	10	93
10	11	63
10	12	51
10	13	2
10	14	0
10	15	100
10	16	100
10	17	85
10	18	63
10	19	45
10	20	34
10	21	2
10	22	0
10	23	100
10	24	93
10	25	63
10	26	42
10	27	26
10	28	2
10	29	0
10	30	0
10	31	100
10	32	100
X
11	1	26
11	2	45
11	3	51
11	4	62
11	5	51
11	6	46
11	7	1
11	8	0
11	9	100
11	10	91
11	11	62
11	12	51
11	13	2
11	14	0
11	15	100
11	16	100
11	17	84
11	18	61
11	19	43
11	20	30
11	21	2
11	22	0
11	23	100
11	24	93
11	25	63
11	26	42
11	27	26
11	28	2
11	29	0
11	30	0
11	31	100
11	32	100
X
12	1	1
12	2	38
12	3	43
12	4	53
12	5	48
12	6	1
12	7	2
12	8	0
12	9	100
12	10	89
12	11	61
12	12	50
12	13	2
12	14	0
12	15	100
12	16	100
12	17	83
12	18	58
12	19	42
12	20	26
12	21	1
12	22	0
12	23	100
12	24	92
12	25	62
12	26	42
12	27	26
12	28	2
12	29	0
12	30	0
12	31	100
12	32	100
X
13	1	1
13	2	1
13	3	2
13	4	2
13	5	1
13	6	2
13	7	0
13	8	0
13	9	100
13	10	85
13	11	60
13	12	49
13	13	2
13	14	0
13	15	100
13	16	98
13	17	80
13	18	56
13	19	43
13	20	1
13	21	2
13	22	0
13	23	100
13	24	91
13	25	62
13	26	42
13	27	26
13	28	2
13	29	0
13	30	0
13	31	100
13	32	100
X
14	1	0
14	2	0
14	3	0
14	4	0
14	5	0
14	6	0
14	7	0
14	8	100
14	9	100
14	10	80
14	11	57
14	12	47
14	13	2
14	14	0
14	15	100
14	16	95
14	17	76
14	18	54
14	19	44
14	20	2
14	21	0
14	22	0
14	23	100
14	24	89
14	25	61
14	26	41
14	27	26
14	28	2
14	29	0
14	30	0
14	31	100
14	32	100
X
15	1	100
15	2	100
15	3	100
15	4	100
15	5	100
15	6	100
15	7	100
15	8	100
15	9	83
15	10	72
15	11	53
15	12	44
15	13	2
15	14	0
15	15	100
15	16	92
15	17	72
15	18	51
15	19	41
15	20	2
15	21	0
15	22	100
15	23	100
15	24	86
15	25	59
15	26	41
15	27	26
15	28	2
15	29	0
15	30	0
15	31	100
15	32	100
X
16	1	92
16	2	92
16	3	92
16	4	92
16	5	91
16	6	89
16	7	85
16	8	80
16	9	72
16	10	61
16	11	46
16	12	37
16	13	2
16	14	0
16	15	100
16	16	90
16	17	67
16	18	46
16	19	35
16	20	2
16	21	0
16	22	100
16	23	99
16	24	82
16	25	58
16	26	42
16	27	26
16	28	1
16	29	0
16	30	0
16	31	0
16	32	100
X
17	1	63
17	2	63
17	3	63
17	4	63
17	5	62
17	6	61
17	7	60
17	8	57
17	9	53
17	10	46
17	11	38
17	12	32
17	13	1
17	14	0
17	15	100
17	16	90
17	17	63
17	18	46
17	19	31
17	20	1
17	21	0
17	22	100
17	23	94
17	24	78
17	25	55
17	26	43
17	27	1
17	28	1
17	29	0
17	30	0
17	31	0
17	32	0
X
18	1	51
18	2	51
18	3	51
18	4	51
18	5	50
18	6	50
18	7	49
18	8	47
18	9	44
18	10	37
18	11	32
18	12	1
18	13	2
18	14	0
18	15	100
18	16	88
18	17	61
18	18	46
18	19	1
18	20	2
18	21	0
18	22	100
18	23	90
18	24	74
18	25	53
18	26	43
18	27	1
18	28	2
18	29	0
18	30	0
18	31	0
18	32	0
X
19	1	2
19	2	2
19	3	2
19	4	2
19	5	2
19	6	2
19	7	2
19	8	2
19	9	2
19	10	2
19	11	1
19	12	2
19	13	0
19	14	0
19	15	100
19	16	85
19	17	60
19	18	49
19	19	2
19	20	0
19	21	0
19	22	100
19	23	86
19	24	66
19	25	47
19	26	36
19	27	2
19	28	0
19	29	0
19	30	0
19	31	0
19	32	0
X
20	1	0
20	2	0
20	3	0
20	4	0
20	5	0
20	6	0
20	7	0
20	8	0
20	9	0
20	10	0
20	11	0
20	12	0
20	13	0
20	14	100
20	15	100
20	16	80
20	17	57
20	18	47
20	19	2
20	20	0
20	21	100
20	22	100
20	23	82
20	24	60
20	25	43
20	26	31
20	27	2
20	28	0
20	29	0
20	30	0
20	31	0
20	32	0
X
21	1	100
21	2	100
21	3	100
21	4	100
21	5	100
21	6	100
21	7	100
21	8	100
21	9	100
21	10	100
21	11	100
21	12	100
21	13	100
21	14	100
21	15	83
21	16	72
21	17	53
21	18	44
21	19	2
21	20	0
21	21	100
21	22	96
21	23	78
21	24	55
21	25	40
21	26	26
21	27	1
21	28	0
21	29	0
21	30	0
21	31	0
21	32	0
X
22	1	94
22	2	94
22	3	94
22	4	94
22	5	94
22	6	93
22	7	92
22	8	91
22	9	91
22	10	91
22	11	91
22	12	89
22	13	85
22	14	80
22	15	72
22	16	61
22	17	46
22	18	37
22	19	2
22	20	0
22	21	100
22	22	93
22	23	75
22	24	53
22	25	41
22	26	1
22	27	2
22	28	0
22	29	100
22	30	100
22	31	0
22	32	0
X
23	1	76
23	2	76
23	3	76
23	4	76
23	5	76
23	6	75
23	7	73
23	8	71
23	9	67
23	10	64
23	11	62
23	12	61
23	13	60
23	14	57
23	15	53
23	16	46
23	17	38
23	18	32
23	19	1
23	20	0
23	21	100
23	22	90
23	23	68
23	24	48
23	25	37
23	26	2
23	27	0
23	28	0
23	29	100
23	30	100
23	31	0
23	32	0
X
24	1	54
24	2	54
24	3	54
24	4	54
24	5	54
24	6	53
24	7	52
24	8	50
24	9	46
24	10	46
24	11	46
24	12	50
24	13	49
24	14	47
24	15	44
24	16	37
24	17	32
24	18	1
24	19	2
24	20	0
24	21	100
24	22	88
24	23	64
24	24	46
24	25	32
24	26	1
24	27	0
24	28	100
24	29	100
24	30	100
24	31	100
24	32	100
X
25	1	38
25	2	38
25	3	38
25	4	38
25	5	40
25	6	41
25	7	43
25	8	40
25	9	35
25	10	31
25	11	1
25	12	1
25	13	2
25	14	2
25	15	2
25	16	2
25	17	1
25	18	2
25	19	0
25	20	0
25	21	100
25	22	86
25	23	60
25	24	46
25	25	1
25	26	2
25	27	0
25	28	100
25	29	100
25	30	100
25	31	100
25	32	100
X
26	1	26
26	2	26
26	3	26
26	4	26
26	5	26
26	6	1
26	7	1
26	8	2
26	9	2
26	10	1
26	11	1
26	12	2
26	13	0
26	14	0
26	15	0
26	16	0
26	17	0
26	18	0
26	19	0
26	20	100
26	21	100
26	22	83
26	23	59
26	24	49
26	25	1
26	26	0
26	27	0
26	28	100
26	29	100
26	30	100
26	31	100
26	32	100
X
27	1	2
27	2	2
27	3	2
27	4	2
27	5	1
27	6	1
27	7	2
27	8	0
27	9	0
27	10	0
27	11	0
27	12	0
27	13	0
27	14	100
27	15	100
27	16	100
27	17	100
27	18	100
27	19	100
27	20	100
27	21	87
27	22	74
27	23	53
27	24	41
27	25	1
27	26	2
27	27	0
27	28	0
27	29	100
27	30	100
27	31	100
27	32	100
X
28	1	0
28	2	0
28	3	0
28	4	0
28	5	0
28	6	0
28	7	0
28	8	0
28	9	0
28	10	100
28	11	100
28	12	100
28	13	100
28	14	100
28	15	99
28	16	94
28	17	91
28	18	88
28	19	86
28	20	83
28	21	74
28	22	59
28	23	44
28	24	34
28	25	0
28	26	1
28	27	0
28	28	0
28	29	0
28	30	0
28	31	100
28	32	100
X
29	1	0
29	2	0
29	3	0
29	4	0
29	5	0
29	6	100
29	7	100
29	8	100
29	9	100
29	10	100
29	11	100
29	12	96
29	13	91
29	14	86
29	15	80
29	16	76
29	17	69
29	18	64
29	19	60
29	20	59
29	21	53
29	22	44
29	23	34
29	24	1
29	25	0
29	26	0
29	27	1
29	28	1
29	29	2
29	30	0
29	31	0
29	32	0
X
30	1	100
30	2	100
30	3	100
30	4	100
30	5	100
30	6	100
30	7	100
30	8	98
30	9	93
30	10	89
30	11	85
30	12	76
30	13	71
30	14	65
30	15	62
30	16	60
30	17	51
30	18	47
30	19	43
30	20	45
30	21	41
30	22	34
30	23	1
30	24	0
30	25	0
30	26	0
30	27	0
30	28	0
30	29	0
30	30	1
30	31	0
30	32	0
X
31	1	99
31	2	99
31	3	99
31	4	98
31	5	95
31	6	90
31	7	85
31	8	81
31	9	77
31	10	70
31	11	63
31	12	56
31	13	52
31	14	52
31	15	50
31	16	47
31	17	2
31	18	31
31	19	26
31	20	1
31	21	1
31	22	0
31	23	0
31	24	0
31	25	0
31	26	0
31	27	0
31	28	0
31	29	0
31	30	0
31	31	1
31	32	1
X
32	1	91
32	2	91
32	3	91
32	4	89
32	5	85
32	6	78
32	7	73
32	8	69
32	9	68
32	10	58
32	11	48
32	12	41
32	13	39
32	14	41
32	15	1
32	16	1
32	17	26
32	18	1
32	19	0
32	20	0
32	21	0
32	22	0
32	23	0
32	24	0
32	25	100
32	26	0
32	27	0
32	28	0
32	29	28
32	30	0
32	31	0
32	32	0
X
# File:    /tmp/idemo-208.dmp
# Creator: HODGE-C SunOS/Solaris 1.1 version 0.98j (042) (C) 1993 by Joerg Heitkoetter
# Grid:    32x32
# Colors:  100
1	1	0
1	2	0
1	3	0
1	4	0
1	5	1
1	6	0
1	7	0
1	8	0
1	9	100
1	10	100
1	11	86
1	12	60
1	13	49
1	14	2
1	15	0
1	16	0
1	17	100
1	18	85
1	19	66
1	20	47
1	21	39
1	22	2
1	23	0
1	24	100
1	25	91
1	26	68
1	27	48
1	28	39
1	29	2
1	30	0
1	31	0
1	32	100
X
2	1	1
2	2	1
2	3	1
2	4	1
2	5	1
2	6	1
2	7	2
2	8	0
2	9	0
2	10	100
2	11	87
2	12	61
2	13	50
2	14	2
2	15	0
2	16	0
2	17	100
2	18	86
2	19	67
2	20	48
2	21	39
2	22	2
2	23	0
2	24	100
2	25	91
2	26	68
2	27	48
2	28	39
2	29	2
2	30	0
2	31	0
2	32	100
X
3	1	50
3	2	50
3	3	48
3	4	45
3	5	37
3	6	32
3	7	1
3	8	2
3	9	0
3	10	100
3	11	89
3	12	61
3	13	50
3	14	2
3	15	0
3	16	0
3	17	100
3	18	87
3	19	69
3	20	49
3	21	41
3	22	2
3	23	0
3	24	100
3	25	91
3	26	68
3	27	48
3	28	39
3	29	1
3	30	2
3	31	0
3	32	100
X
4	1	62
4	2	61
4	3	58
4	4	54
4	5	47
4	6	39
4	7	32
4	8	1
4	9	0
4	10	100
4	11	91
4	12	62
4	13	51
4	14	2
4	15	0
4	16	0
4	17	100
4	18	89
4	19	72
4	20	52
4	21	43
4	22	2
4	23	0
4	24	100
4	25	91
4	26	68
4	27	48
4	28	39
4	29	1
4	30	1
4	31	0
4	32	100
X
5	1	91
5	2	89
5	3	83
5	4	75
5	5	63
5	6	47
5	7	37
5	8	2
5	9	0
5	10	100
5	11	92
5	12	63
5	13	51
5	14	2
5	15	0
5	16	0
5	17	100
5	18	90
5	19	74
5	20	53
5	21	44
5	22	2
5	23	0
5	24	100
5	25	91
5	26	68
5	27	48
5	28	39
5	29	1
5	30	1
5	31	0
5	32	100
X
6	1	100
6	2	100
6	3	100
6	4	96
6	5	75
6	6	54
6	7	45
6	8	2
6	9	0
6	10	100
6	11	93
6	12	63
6	13	51
6	14	2
6	15	0
6	16	0
6	17	100
6	18	91
6	19	75
6	20	54
6	21	45
6	22	2
6	23	0
6	24	100
6	25	91
6	26	68
6	27	48
6	28	39
6	29	1
6	30	1
6	31	0
6	32	0
X
7	1	0
7	2	0
7	3	0
7	4	100
7	5	84
7	6	58
7	7	48
7	8	2
7	9	0
7	10	100
7	11	93
7	12	63
7	13	51
7	14	2
7	15	0
7	16	0
7	17	100
7	18	91
7	19	75
7	20	54
7	21	45
7	22	2
7	23	0
7	24	100
7	25	91
7	26	68
7	27	48
7	28	39
7	29	1
7	30	1
7	31	0
7	32	0
X
8	1	1
8	2	2
8	3	0
8	4	100
8	5	89
8	6	61
8	7	50
8	8	2
8	9	0
8	10	100
8	11	94
8	12	63
8	13	51
8	14	2
8	15	0
8	16	0
8	17	100
8	18	91
8	19	75
8	20	54
8	21	45
8	22	2
8	23	0
8	24	100
8	25	91
8	26	68
8	27	48
8	28	39
8	29	1
8	30	1
8	31	0
8	32	0
X
9	1	42
9	2	2
9	3	0
9	4	100
9	5	90
9	6	62
9	7	50
9	8	2
9	9	0
9	10	100
9	11	94
9	12	63
9	13	51
9	14	2
9	15	0
9	16	0
9	17	100
9	18	90
9	19	74
9	20	53
9	21	44
9	22	2
9	23	0
9	24	100
9	25	91
9	26	68
9	27	48
9	28	39
9	29	1
9	30	1
9	31	0
9	32	0
X
10	1	47
10	2	80
10	3	100
10	4	100
10	5	86
10	6	60
10	7	50
10	8	2
10	9	0
10	10	100
10	11	93
10	12	63
10	13	51
10	14	2
10	15	0
10	16	0
10	17	100
10	18	89
10	19	72
10	20	52
10	21	43
10	22	2
10	23	0
10	24	100
10	25	91
10	26	68
10	27	48
10	28	39
10	29	1
10	30	1
10	31	0
10	32	0
X
11	1	49
11	2	66
11	3	85
11	4	84
11	5	75
11	6	54
11	7	42
11	8	2
11	9	0
11	10	100
11	11	92
11	12	63
11	13	51
11	14	2
11	15	0
11	16	0
11	17	100
11	18	87
11	19	69
11	20	50
11	21	40
11	22	2
11	23	0
11	24	100
11	25	90
11	26	68
11	27	48
11	28	39
11	29	1
11	30	1
11	31	0
11	32	0
X
12	1	40
12	2	48
12	3	58
12	4	59
12	5	54
12	6	44
12	7	35
12	8	1
12	9	0
12	10	100
12	11	91
12	12	62
12	13	51
12	14	2
12	15	0
12	16	0
12	17	100
12	18	86
12	19	65
12	20	46
12	21	35
12	22	2
12	23	0
12	24	100
12	25	90
12	26	68
12	27	48
12	28	39
12	29	1
12	30	1
12	31	0
12	32	0
X
13	1	32
13	2	39
13	3	48
13	4	49
13	5	42
13	6	35
13	7	1
13	8	2
13	9	0
13	10	100
13	11	89
13	12	61
13	13	50
13	14	2
13	15	0
13	16	100
13	17	100
13	18	84
13	19	61
13	20	45
13	21	31
13	22	1
13	23	0
13	24	100
13	25	89
13	26	68
13	27	48
13	28	39
13	29	1
13	30	1
13	31	0
13	32	0
X
14	1	2
14	2	2
14	3	2
14	4	2
14	5	2
14	6	1
14	7	2
14	8	0
14	9	0
14	10	100
14	11	85
14	12	60
14	13	49
14	14	2
14	15	0
14	16	100
14	17	99
14	18	82
14	19	57
14	20	44
14	21	1
14	22	2
14	23	0
14	24	100
14	25	88
14	26	67
14	27	48
14	28	39
14	29	1
14	30	1
14	31	0
14	32	0
X
15	1	0
15	2	0
15	3	0
15	4	0
15	5	0
15	6	0
15	7	0
15	8	0
15	9	100
15	10	100
15	11	80
15	12	57
15	13	47
15	14	2
15	15	0
15	16	100
15	17	96
15	18	79
15	19	55
15	20	46
15	21	2
15	22	0
15	23	0
15	24	100
15	25	87
15	26	67
15	27	48
15	28	38
15	29	1
15	30	1
15	31	0
15	32	0
X
16	1	100
16	2	100
16	3	100
16	4	100
16	5	100
16	6	100
16	7	100
16	8	100
16	9	100
16	10	83
16	11	72
16	12	53
16	13	44
16	14	2
16	15	0
16	16	100
16	17	93
16	18	75
16	19	53
16	20	43
16	21	2
16	22	0
16	23	100
16	24	100
16	25	85
16	26	64
16	27	45
16	28	34
16	29	1
16	30	0
16	31	1
16	32	0
X
17	1	93
17	2	93
17	3	93
17	4	93
17	5	92
17	6	91
17	7	89
17	8	85
17	9	80
17	10	72
17	11	61
17	12	46
17	13	37
17	14	2
17	15	0
17	16	100
17	17	91
17	18	69
17	19	48
17	20	37
17	21	2
17	22	0
17	23	100
17	24	100
17	25	83
17	26	60
17	27	42
17	28	30
17	29	1
17	30	0
17	31	0
17	32	1
X
18	1	63
18	2	63
18	3	63
18	4	63
18	5	63
18	6	62
18	7	61
18	8	60
18	9	57
18	10	53
18	11	46
18	12	38
18	13	32
18	14	1
18	15	0
18	16	100
18	17	90
18	18	64
18	19	47
18	20	32
18	21	1
18	22	0
18	23	100
18	24	96
18	25	80
18	26	56
18	27	41
18	28	26
18	29	0
18	30	0
18	31	0
18	32	0
X
19	1	51
19	2	51
19	3	51
19	4	51
19	5	51
19	6	50
19	7	50
19	8	49
19	9	47
19	10	44
19	11	37
19	12	32
19	13	1
19	14	2
19	15	0
19	16	100
19	17	88
19	18	61
19	19	46
19	20	1
19	21	2
19	22	0
19	23	100
19	24	91
19	25	75
19	26	53
19	27	41
19	28	1
19	29	0
19	30	0
19	31	0
19	32	0
X
20	1	2
20	2	2
20	3	2
20	4	2
20	5	2
20	6	2
20	7	2
20	8	2
20	9	2
20	10	2
20	11	2
20	12	1
20	13	2
20	14	0
20	15	0
20	16	100
20	17	85
20	18	60
20	19	49
20	20	2
20	21	0
20	22	0
20	23	100
20	24	86
20	25	69
20	26	50
20	27	41
20	28	1
20	29	0
20	30	0
20	31	0
20	32	0
X
21	1	0
21	2	0
21	3	0
21	4	0
21	5	0
21	6	0
21	7	0
21	8	0
21	9	0
21	10	0
21	11	0
21	12	0
21	13	0
21	14	0
21	15	100
21	16	100
21	17	80
21	18	57
21	19	47
21	20	2
21	21	0
21	22	100
21	23	100
21	24	83
21	25	63
21	26	45
21	27	35
21	28	1
21	29	1
21	30	1
21	31	0
21	32	0
X
22	1	100
22	2	100
22	3	100
22	4	100
22	5	100
22	6	100
22	7	100
22	8	100
22	9	100
22	10	100
22	11	100
22	12	100
22	13	100
22	14	100
22	15	100
22	16	83
22	17	72
22	18	53
22	19	44
22	20	2
22	21	0
22	22	100
22	23	97
22	24	80
22	25	58
22	26	43
22	27	31
22	28	1
22	29	0
22	30	0
22	31	1
22	32	0
X
23	1	99
23	2	99
23	3	99
23	4	99
23	5	99
23	6	98
23	7	97
23	8	95
23	9	93
23	10	92
23	11	91
23	12	90
23	13	89
23	14	85
23	15	80
23	16	72
23	17	61
23	18	46
23	19	37
23	20	2
23	21	0
23	22	100
23	23	94
23	24	76
23	25	54
23	26	41
23	27	1
23	28	2
23	29	0
23	30	0
23	31	2
23	32	1
X
24	1	81
24	2	81
24	3	81
24	4	81
24	5	81
24	6	81
24	7	80
24	8	78
24	9	75
24	10	69
24	11	65
24	12	61
24	13	61
24	14	60
24	15	57
24	16	53
24	17	46
24	18	38
24	19	32
24	20	1
24	21	0
24	22	100
24	23	91
24	24	69
24	25	48
24	26	37
24	27	2
24	28	0
24	29	0
24	30	0
24	31	0
24	32	0
X
25	1	64
25	2	64
25	3	64
25	4	64
25	5	62
25	6	59
25	7	56
25	8	55
25	9	53
25	10	48
25	11	44
25	12	44
25	13	46
25	14	49
25	15	47
25	16	44
25	17	37
25	18	32
25	19	1
25	20	2
25	21	0
25	22	100
25	23	89
25	24	64
25	25	47
25	26	32
25	27	1
25	28	0
25	29	0
25	30	0
25	31	0
25	32	0
X
26	1	47
26	2	47
26	3	47
26	4	47
26	5	44
26	6	42
26	7	41
26	8	42
26	9	43
26	10	36
26	11	31
26	12	26
26	13	1
26	14	2
26	15	2
26	16	2
26	17	2
26	18	1
26	19	2
26	20	0
26	21	0
26	22	100
26	23	86
26	24	59
26	25	42
26	26	1
26	27	1
26	28	0
26	29	0
26	30	0
26	31	0
26	32	0
X
27	1	39
27	2	39
27	3	39
27	4	38
27	5	34
27	6	30
27	7	26
27	8	1
27	9	1
27	10	2
27	11	2
27	12	1
27	13	2
27	14	0
27	15	0
27	16	0
27	17	0
27	18	0
27	19	0
27	20	0
27	21	100
27	22	100
27	23	80
27	24	60
27	25	43
27	26	26
27	27	0
27	28	1
27	29	0
27	30	0
27	31	0
27	32	0
X
28	1	1
28	2	1
28	3	1
28	4	1
28	5	1
28	6	2
28	7	1
28	8	1
28	9	2
28	10	0
28	11	0
28	12	0
28	13	0
28	14	0
28	15	100
28	16	100
28	17	100
28	18	100
28	19	100
28	20	100
28	21	100
28	22	83
28	23	67
28	24	54
28	25	2
28	26	26
28	27	1
28	28	1
28	29	1
28	30	2
28	31	0
28	32	0
X
29	1	1
29	2	1
29	3	1
29	4	1
29	5	2
29	6	0
29	7	0
29	8	0
29	9	0
29	10	0
29	11	0
29	12	100
29	13	100
29	14	100
29	15	100
29	16	100
29	17	96
29	18	91
29	19	88
29	20	85
29	21	79
29	22	67
29	23	56
29	24	47
29	25	1
29	26	0
29	27	26
29	28	26
29	29	26
29	30	0
29	31	1
29	32	1
X
30	1	0
30	2	0
30	3	0
30	4	0
30	5	0
30	6	0
30	7	0
30	8	100
30	9	100
30	10	100
30	11	100
30	12	100
30	13	96
30	14	92
30	15	89
30	16	80
30	17	74
30	18	68
30	19	66
30	20	61
30	21	59
30	22	54
30	23	47
30	24	1
30	25	0
30	26	0
30	27	0
30	28	1
30	29	1
30	30	26
30	31	1
30	32	1
X
31	1	100
31	2	100
31	3	100
31	4	100
31	5	100
31	6	100
31	7	100
31	8	100
31	9	100
31	10	97
31	11	90
31	12	84
31	13	79
31	14	73
31	15	67
31	16	58
31	17	54
31	18	53
31	19	52
31	20	51
31	21	49
31	22	1
31	23	0
31	24	0
31	25	0
31	26	0
31	27	0
31	28	0
31	29	0
31	30	1
31	31	26
31	32	26
X
32	1	100
32	2	100
32	3	100
32	4	100
32	5	100
32	6	100
32	7	100
32	8	98
32	9	93
32	10	87
32	11	78
32	12	72
32	13	69
32	14	60
32	15	51
32	16	42
32	17	40
32	18	41
32	19	1
32	20	1
32	21	0
32	22	0
32	23	0
32	24	1
32	25	0
32	26	1
32	27	0
32	28	0
32	29	53
32	30	1
32	31	0
32	32	1
X
# File:    /tmp/idemo-209.dmp
# Creator: HODGE-C SunOS/Solaris 1.1 version 0.98j (042) (C) 1993 by Joerg Heitkoetter
# Grid:    32x32
# Colors:  100
1	1	1
1	2	1
1	3	1
1	4	1
1	5	26
1	6	1
1	7	0
1	8	1
1	9	0
1	10	0
1	11	100
1	12	90
1	13	62
1	14	50
1	15	1
1	16	1
1	17	0
1	18	100
1	19	91
1	20	75
1	21	54
1	22	45
1	23	2
1	24	0
1	25	100
1	26	94
1	27	76
1	28	54
1	29	45
1	30	1
1	31	1
1	32	0
X
2	1	50
2	2	50
2	3	49
2	4	44
2	5	41
2	6	35
2	7	32
2	8	1
2	9	2
2	10	0
2	11	100
2	12	90
2	13	62
2	14	50
2	15	1
2	16	1
2	17	0
2	18	100
2	19	92
2	20	76
2	21	54
2	22	45
2	23	2
2	24	0
2	25	100
2	26	94
2	27	76
2	28	54
2	29	42
2	30	1
2	31	1
2	32	0
X
3	1	62
3	2	61
3	3	60
3	4	57
3	5	53
3	6	46
3	7	38
3	8	32
3	9	1
3	10	0
3	11	100
3	12	91
3	13	62
3	14	51
3	15	1
3	16	1
3	17	0
3	18	100
3	19	93
3	20	78
3	21	55
3	22	46
3	23	2
3	24	0
3	25	100
3	26	94
3	27	76
3	28	54
3	29	40
3	30	26
3	31	1
3	32	0
X
4	1	92
4	2	90
4	3	87
4	4	81
4	5	73
4	6	62
4	7	46
4	8	37
4	9	2
4	10	0
4	11	100
4	12	92
4	13	63
4	14	51
4	15	1
4	16	1
4	17	0
4	18	100
4	19	95
4	20	80
4	21	57
4	22	47
4	23	2
4	24	0
4	25	100
4	26	94
4	27	76
4	28	54
4	29	38
4	30	26
4	31	2
4	32	0
X
5	1	100
5	2	100
5	3	100
5	4	100
5	5	86
5	6	73
5	7	53
5	8	44
5	9	2
5	10	0
5	11	100
5	12	93
5	13	63
5	14	51
5	15	1
5	16	1
5	17	0
5	18	100
5	19	97
5	20	81
5	21	58
5	22	48
5	23	2
5	24	0
5	25	100
5	26	94
5	27	76
5	28	54
5	29	38
5	30	26
5	31	2
5	32	0
X
6	1	0
6	2	0
6	3	0
6	4	100
6	5	100
6	6	81
6	7	57
6	8	47
6	9	2
6	10	0
6	11	100
6	12	93
6	13	63
6	14	51
6	15	1
6	16	1
6	17	0
6	18	100
6	19	98
6	20	82
6	21	58
6	22	48
6	23	2
6	24	0
6	25	100
6	26	94
6	27	76
6	28	54
6	29	38
6	30	26
6	31	1
6	32	1
X
7	1	2
7	2	1
7	3	2
7	4	0
7	5	100
7	6	87
7	7	60
7	8	49
7	9	2
7	10	0
7	11	100
7	12	94
7	13	63
7	14	51
7	15	1
7	16	1
7	17	0
7	18	100
7	19	98
7	20	83
7	21	58
7	22	48
7	23	2
7	24	0
7	25	100
7	26	94
7	27	76
7	28	54
7	29	38
7	30	26
7	31	1
7	32	0
X
8	1	40
8	2	36
8	3	1
8	4	0
8	5	100
8	6	90
8	7	62
8	8	50
8	9	2
8	10	0
8	11	100
8	12	94
8	13	63
8	14	51
8	15	1
8	16	1
8	17	0
8	18	100
8	19	98
8	20	82
8	21	58
8	22	48
8	23	2
8	24	0
8	25	100
8	26	94
8	27	76
8	28	54
8	29	38
8	30	26
8	31	1
8	32	0
X
9	1	54
9	2	70
9	3	3
9	4	0
9	5	100
9	6	91
9	7	62
9	8	51
9	9	2
9	10	0
9	11	100
9	12	94
9	13	63
9	14	51
9	15	1
9	16	1
9	17	0
9	18	100
9	19	97
9	20	81
9	21	58
9	22	48
9	23	2
9	24	0
9	25	100
9	26	94
9	27	76
9	28	54
9	29	38
9	30	26
9	31	1
9	32	0
X
10	1	72
10	2	92
10	3	0
10	4	0
10	5	100
10	6	88
10	7	61
10	8	49
10	9	2
10	10	0
10	11	100
10	12	94
10	13	63
10	14	51
10	15	1
10	16	1
10	17	0
10	18	100
10	19	95
10	20	80
10	21	57
10	22	47
10	23	2
10	24	0
10	25	100
10	26	93
10	27	76
10	28	54
10	29	38
10	30	26
10	31	1
10	32	0
X
11	1	76
11	2	96
11	3	100
11	4	100
11	5	100
11	6	80
11	7	57
11	8	47
11	9	2
11	10	0
11	11	100
11	12	93
11	13	63
11	14	51
11	15	1
11	16	1
11	17	0
11	18	100
11	19	93
11	20	77
11	21	55
11	22	45
11	23	2
11	24	0
11	25	100
11	26	93
11	27	76
11	28	54
11	29	38
11	30	26
11	31	1
11	32	0
X
12	1	68
12	2	76
12	3	84
12	4	86
12	5	80
12	6	67
12	7	49
12	8	38
12	9	2
12	10	0
12	11	100
12	12	92
12	13	63
12	14	51
12	15	1
12	16	2
12	17	0
12	18	100
12	19	90
12	20	74
12	21	53
12	22	43
12	23	2
12	24	0
12	25	100
12	26	93
12	27	76
12	28	54
12	29	38
12	30	26
12	31	1
12	32	0
X
13	1	51
13	2	55
13	3	59
13	4	60
13	5	57
13	6	49
13	7	40
13	8	33
13	9	1
13	10	0
13	11	100
13	12	91
13	13	62
13	14	51
13	15	2
13	16	0
13	17	0
13	18	100
13	19	88
13	20	67
13	21	48
13	22	37
13	23	2
13	24	0
13	25	100
13	26	93
13	27	76
13	28	54
13	29	38
13	30	26
13	31	1
13	32	0
X
14	1	43
14	2	45
14	3	48
14	4	49
14	5	46
14	6	38
14	7	33
14	8	1
14	9	2
14	10	0
14	11	100
14	12	89
14	13	61
14	14	50
14	15	2
14	16	0
14	17	100
14	18	100
14	19	86
14	20	63
14	21	46
14	22	32
14	23	1
14	24	0
14	25	100
14	26	92
14	27	76
14	28	54
14	29	38
14	30	26
14	31	1
14	32	0
X
15	1	2
15	2	2
15	3	2
15	4	2
15	5	2
15	6	2
15	7	1
15	8	2
15	9	0
15	10	0
15	11	100
15	12	85
15	13	60
15	14	49
15	15	2
15	16	0
15	17	100
15	18	100
15	19	84
15	20	58
15	21	45
15	22	1
15	23	2
15	24	0
15	25	100
15	26	91
15	27	75
15	28	53
15	29	39
15	30	26
15	31	1
15	32	0
X
16	1	0
16	2	0
16	3	0
16	4	0
16	5	0
16	6	0
16	7	0
16	8	0
16	9	0
16	10	100
16	11	100
16	12	80
16	13	57
16	14	47
16	15	2
16	16	0
16	17	100
16	18	98
16	19	81
16	20	57
16	21	47
16	22	2
16	23	0
16	24	0
16	25	100
16	26	89
16	27	72
16	28	51
16	29	40
16	30	1
16	31	26
16	32	1
X
17	1	100
17	2	100
17	3	100
17	4	100
17	5	100
17	6	100
17	7	100
17	8	100
17	9	100
17	10	100
17	11	83
17	12	72
17	13	53
17	14	44
17	15	2
17	16	0
17	17	100
17	18	95
17	19	77
17	20	54
17	21	44
17	22	2
17	23	0
17	24	0
17	25	100
17	26	86
17	27	69
17	28	52
17	29	43
17	30	1
17	31	0
17	32	26
X
18	1	94
18	2	94
18	3	94
18	4	93
18	5	93
18	6	92
18	7	91
18	8	89
18	9	85
18	10	80
18	11	72
18	12	61
18	13	46
18	14	37
18	15	2
18	16	0
18	17	100
18	18	92
18	19	70
18	20	49
18	21	37
18	22	2
18	23	0
18	24	100
18	25	100
18	26	84
18	27	63
18	28	51
18	29	1
18	30	0
18	31	0
18	32	0
X
19	1	63
19	2	63
19	3	63
19	4	63
19	5	63
19	6	63
19	7	62
19	8	61
19	9	60
19	10	57
19	11	53
19	12	46
19	13	38
19	14	32
19	15	1
19	16	0
19	17	100
19	18	90
19	19	65
19	20	47
19	21	32
19	22	1
19	23	0
19	24	100
19	25	97
19	26	81
19	27	59
19	28	50
19	29	1
19	30	0
19	31	0
19	32	0
X
20	1	51
20	2	51
20	3	51
20	4	51
20	5	51
20	6	51
20	7	50
20	8	50
20	9	49
20	10	47
20	11	44
20	12	37
20	13	32
20	14	1
20	15	2
20	16	0
20	17	100
20	18	88
20	19	61
20	20	46
20	21	1
20	22	2
20	23	0
20	24	100
20	25	93
20	26	77
20	27	54
20	28	42
20	29	1
20	30	0
20	31	0
20	32	0
X
21	1	2
21	2	2
21	3	2
21	4	2
21	5	2
21	6	2
21	7	2
21	8	2
21	9	2
21	10	2
21	11	2
21	12	2
21	13	1
21	14	2
21	15	0
21	16	0
21	17	100
21	18	85
21	19	60
21	20	49
21	21	2
21	22	0
21	23	0
21	24	100
21	25	89
21	26	73
21	27	52
21	28	40
21	29	26
21	30	26
21	31	0
21	32	0
X
22	1	0
22	2	0
22	3	0
22	4	0
22	5	0
22	6	0
22	7	0
22	8	0
22	9	0
22	10	0
22	11	0
22	12	0
22	13	0
22	14	0
22	15	0
22	16	100
22	17	100
22	18	80
22	19	57
22	20	47
22	21	2
22	22	0
22	23	100
22	24	100
22	25	85
22	26	66
22	27	47
22	28	35
22	29	1
22	30	1
22	31	26
22	32	1
X
23	1	100
23	2	100
23	3	100
23	4	100
23	5	100
23	6	100
23	7	100
23	8	100
23	9	100
23	10	100
23	11	100
23	12	100
23	13	100
23	14	100
23	15	100
23	16	100
23	17	83
23	18	72
23	19	53
23	20	44
23	21	2
23	22	0
23	23	100
23	24	99
23	25	81
23	26	60
23	27	44
23	28	32
23	29	0
23	30	0
23	31	26
23	32	26
X
24	1	100
24	2	100
24	3	100
24	4	100
24	5	100
24	6	100
24	7	100
24	8	100
24	9	98
24	10	95
24	11	92
24	12	90
24	13	90
24	14	88
24	15	85
24	16	80
24	17	72
24	18	61
24	19	46
24	20	37
24	21	2
24	22	0
24	23	100
24	24	95
24	25	77
24	26	54
24	27	41
24	28	1
24	29	0
24	30	0
24	31	0
24	32	1
X
25	1	89
25	2	89
25	3	89
25	4	88
25	5	87
25	6	85
25	7	84
25	8	83
25	9	80
25	10	76
25	11	72
25	12	67
25	13	63
25	14	61
25	15	60
25	16	57
25	17	53
25	18	46
25	19	38
25	20	32
25	21	1
25	22	0
25	23	100
25	24	91
25	25	69
25	26	48
25	27	37
25	28	1
25	29	0
25	30	0
25	31	0
25	32	0
X
26	1	75
26	2	75
26	3	74
26	4	73
26	5	71
26	6	68
26	7	64
26	8	60
26	9	56
26	10	53
26	11	51
26	12	46
26	13	46
26	14	46
26	15	49
26	16	47
26	17	44
26	18	37
26	19	32
26	20	1
26	21	2
26	22	0
26	23	100
26	24	88
26	25	66
26	26	49
26	27	35
26	28	1
26	29	0
26	30	0
26	31	0
26	32	0
X
27	1	54
27	2	54
27	3	53
27	4	53
27	5	51
27	6	49
27	7	45
27	8	42
27	9	41
27	10	41
27	11	41
27	12	35
27	13	31
27	14	1
27	15	2
27	16	2
27	17	2
27	18	2
27	19	1
27	20	2
27	21	0
27	22	0
27	23	100
27	24	79
27	25	59
27	26	42
27	27	2
27	28	26
27	29	1
27	30	0
27	31	0
27	32	0
X
28	1	38
28	2	38
28	3	38
28	4	38
28	5	38
28	6	38
28	7	35
28	8	30
28	9	26
28	10	1
28	11	1
28	12	2
28	13	1
28	14	2
28	15	0
28	16	0
28	17	0
28	18	0
28	19	0
28	20	0
28	21	0
28	22	100
28	23	100
28	24	70
28	25	57
28	26	42
28	27	40
28	28	36
28	29	34
28	30	32
28	31	1
28	32	1
X
29	1	26
29	2	26
29	3	26
29	4	26
29	5	26
29	6	1
29	7	1
29	8	2
29	9	1
29	10	1
29	11	2
29	12	0
29	13	0
29	14	0
29	15	0
29	16	0
29	17	100
29	18	100
29	19	100
29	20	100
29	21	100
29	22	100
29	23	77
29	24	59
29	25	46
29	26	1
29	27	38
29	28	35
29	29	35
29	30	2
29	31	30
29	32	26
X
30	1	2
30	2	2
30	3	2
30	4	2
30	5	1
30	6	1
30	7	2
30	8	0
30	9	0
30	10	0
30	11	0
30	12	0
30	13	100
30	14	100
30	15	100
30	16	100
30	17	100
30	18	96
30	19	93
30	20	90
30	21	81
30	22	76
30	23	64
30	24	55
30	25	1
30	26	0
30	27	1
30	28	41
30	29	38
30	30	36
30	31	35
30	32	34
X
31	1	0
31	2	0
31	3	0
31	4	0
31	5	0
31	6	0
31	7	0
31	8	0
31	9	0
31	10	100
31	11	100
31	12	100
31	13	100
31	14	100
31	15	93
31	16	86
31	17	81
31	18	74
31	19	68
31	20	67
31	21	64
31	22	67
31	23	1
31	24	1
31	25	1
31	26	0
31	27	0
31	28	1
31	29	2
31	30	40
31	31	35
31	32	35
X
32	1	0
32	2	0
32	3	0
32	4	0
32	5	0
32	6	0
32	7	0
32	8	100
32	9	100
32	10	100
32	11	100
32	12	100
32	13	95
32	14	89
32	15	81
32	16	74
32	17	70
32	18	60
32	19	51
32	20	47
32	21	1
32	22	0
32	23	1
32	24	26
32	25	1
32	26	26
32	27	0
32	28	0
32	29	46
32	30	47
32	31	2
32	32	36
X
# File:    /tmp/idemo-210.dmp
# Creator: HODGE-C SunOS/Solaris 1.1 version 0.98j (042) (C) 1993 by Joerg Heitkoetter
# Grid:    32x32
# Colors:  100
1	1	42
1	2	42
1	3	41
1	4	46
1	5	44
1	6	48
1	7	2
1	8	32
1	9	1
1	10	1
1	11	0
1	12	100
1	13	92
1	14	62
1	15	42
1	16	26
1	17	2
1	18	0
1	19	100
1	20	98
1	21	83
1	22	58
1	23	48
1	24	2
1	25	0
1	26	100
1	27	99
1	28	83
1	29	58
1	30	40
1	31	26
1	32	1
X
2	1	62
2	2	62
2	3	61
2	4	61
2	5	58
2	6	59
2	7	48
2	8	40
2	9	32
2	10	1
2	11	0
2	12	100
2	13	92
2	14	62
2	15	42
2	16	26
2	17	2
2	18	0
2	19	100
2	20	99
2	21	83
2	22	58
2	23	48
2	24	2
2	25	0
2	26	100
2	27	99
2	28	82
2	29	60
2	30	42
2	31	30
2	32	1
X
3	1	92
3	2	91
3	3	89
3	4	85
3	5	79
3	6	72
3	7	61
3	8	46
3	9	37
3	10	2
3	11	0
3	12	100
3	13	93
3	14	63
3	15	42
3	16	26
3	17	2
3	18	0
3	19	100
3	20	100
3	21	84
3	22	59
3	23	49
3	24	2
3	25	0
3	26	100
3	27	99
3	28	81
3	29	62
3	30	44
3	31	34
3	32	1
X
4	1	100
4	2	100
4	3	100
4	4	100
4	5	100
4	6	83
4	7	72
4	8	53
4	9	44
4	10	2
4	11	0
4	12	100
4	13	93
4	14	63
4	15	42
4	16	26
4	17	2
4	18	0
4	19	100
4	20	100
4	21	86
4	22	60
4	23	49
4	24	2
4	25	0
4	26	100
4	27	99
4	28	81
4	29	64
4	30	47
4	31	38
4	32	1
X
5	1	0
5	2	0
5	3	0
5	4	0
5	5	100
5	6	100
5	7	80
5	8	57
5	9	47
5	10	2
5	11	0
5	12	100
5	13	93
5	14	63
5	15	42
5	16	26
5	17	2
5	18	0
5	19	100
5	20	100
5	21	87
5	22	60
5	23	49
5	24	2
5	25	0
5	26	100
5	27	99
5	28	81
5	29	64
5	30	46
5	31	37
5	32	1
X
6	1	2
6	2	2
6	3	2
6	4	0
6	5	0
6	6	100
6	7	86
6	8	60
6	9	49
6	10	2
6	11	0
6	12	100
6	13	94
6	14	63
6	15	42
6	16	26
6	17	2
6	18	0
6	19	100
6	20	100
6	21	87
6	22	61
6	23	50
6	24	2
6	25	0
6	26	100
6	27	99
6	28	81
6	29	64
6	30	46
6	31	36
6	32	26
X
7	1	45
7	2	38
7	3	60
7	4	2
7	5	0
7	6	100
7	7	89
7	8	61
7	9	50
7	10	2
7	11	0
7	12	100
7	13	94
7	14	63
7	15	42
7	16	26
7	17	2
7	18	0
7	19	100
7	20	100
7	21	87
7	22	61
7	23	50
7	24	2
7	25	0
7	26	100
7	27	99
7	28	81
7	29	64
7	30	46
7	31	36
7	32	1
X
8	1	58
8	2	48
8	3	43
8	4	2
8	5	0
8	6	100
8	7	91
8	8	62
8	9	51
8	10	2
8	11	0
8	12	100
8	13	94
8	14	63
8	15	42
8	16	26
8	17	2
8	18	0
8	19	100
8	20	100
8	21	87
8	22	61
8	23	50
8	24	2
8	25	0
8	26	100
8	27	99
8	28	81
8	29	64
8	30	46
8	31	38
8	32	1
X
9	1	83
9	2	71
9	3	65
9	4	1
9	5	0
9	6	100
9	7	92
9	8	62
9	9	51
9	10	2
9	11	0
9	12	100
9	13	94
9	14	63
9	15	42
9	16	26
9	17	2
9	18	0
9	19	100
9	20	100
9	21	87
9	22	60
9	23	49
9	24	2
9	25	0
9	26	100
9	27	99
9	28	81
9	29	64
9	30	46
9	31	38
9	32	1
X
10	1	98
10	2	100
10	3	2
10	4	2
10	5	0
10	6	100
10	7	90
10	8	62
10	9	50
10	10	2
10	11	0
10	12	100
10	13	94
10	14	63
10	15	42
10	16	26
10	17	2
10	18	0
10	19	100
10	20	100
10	21	85
10	22	60
10	23	49
10	24	2
10	25	0
10	26	100
10	27	99
10	28	81
10	29	64
10	30	46
10	31	38
10	32	1
X
11	1	100
11	2	100
11	3	0
11	4	0
11	5	0
11	6	100
11	7	84
11	8	59
11	9	48
11	10	2
11	11	0
11	12	100
11	13	94
11	14	63
11	15	42
11	16	26
11	17	2
11	18	0
11	19	100
11	20	99
11	21	84
11	22	59
11	23	48
11	24	2
11	25	0
11	26	100
11	27	99
11	28	81
11	29	64
11	30	46
11	31	38
11	32	1
X
12	1	93
12	2	100
12	3	100
12	4	100
12	5	100
12	6	97
12	7	76
12	8	54
12	9	45
12	10	2
12	11	0
12	12	100
12	13	93
12	14	63
12	15	45
12	16	26
12	17	1
12	18	0
12	19	100
12	20	96
12	21	80
12	22	56
12	23	46
12	24	2
12	25	0
12	26	100
12	27	99
12	28	81
12	29	64
12	30	46
12	31	38
12	32	1
X
13	1	80
13	2	83
13	3	87
13	4	88
13	5	84
13	6	76
13	7	63
13	8	47
13	9	37
13	10	2
13	11	0
13	12	100
13	13	92
13	14	63
13	15	47
13	16	1
13	17	2
13	18	0
13	19	100
13	20	93
13	21	76
13	22	54
13	23	44
13	24	2
13	25	0
13	26	100
13	27	99
13	28	81
13	29	64
13	30	46
13	31	38
13	32	1
X
14	1	57
14	2	59
14	3	60
14	4	61
14	5	58
14	6	54
14	7	47
14	8	39
14	9	32
14	10	1
14	11	0
14	12	100
14	13	91
14	14	62
14	15	51
14	16	2
14	17	0
14	18	0
14	19	100
14	20	90
14	21	69
14	22	48
14	23	37
14	24	2
14	25	0
14	26	100
14	27	98
14	28	80
14	29	64
14	30	46
14	31	38
14	32	1
X
15	1	47
15	2	48
15	3	49
15	4	49
15	5	48
15	6	45
15	7	37
15	8	32
15	9	1
15	10	2
15	11	0
15	12	100
15	13	89
15	14	61
15	15	50
15	16	2
15	17	0
15	18	0
15	19	100
15	20	88
15	21	64
15	22	47
15	23	32
15	24	1
15	25	0
15	26	100
15	27	97
15	28	80
15	29	61
15	30	47
15	31	36
15	32	1
X
16	1	2
16	2	2
16	3	2
16	4	2
16	5	2
16	6	2
16	7	2
16	8	1
16	9	2
16	10	0
16	11	0
16	12	100
16	13	85
16	14	60
16	15	49
16	16	2
16	17	0
16	18	100
16	19	100
16	20	85
SHAR_EOF
true || echo 'restore of hodge-c-0.98j/idl/idemo.dat failed'
fi
echo 'End of  part 6'
echo 'File hodge-c-0.98j/idl/idemo.dat is continued in part 7'
echo 7 > _shar_seq_.tmp
exit 0
exit 0 # Just in case...
