Newsgroups: comp.sources.misc
From: heitkoet@lusty.informatik.uni-dortmund.de (Joerg Heitkoetter)
Subject: v36i041:  hodge-c - An implementation of Gerhard & Schuster's hodge-podge machine, Part07/33
Message-ID: <1993Mar23.061023.3127@sparky.imd.sterling.com>
X-Md4-Signature: 3d09cef7ff433768cd3f885d051fd654
Date: Tue, 23 Mar 1993 06:10:23 GMT
Approved: kent@sparky.imd.sterling.com

Submitted-by: heitkoet@lusty.informatik.uni-dortmund.de (Joerg Heitkoetter)
Posting-number: Volume 36, Issue 41
Archive-name: hodge-c/part07
Environment: ImageMagick, KHOROS

#!/bin/sh
# this is Part.07 (part 7 of a multipart archive)
# do not concatenate these parts, unpack them in order with /bin/sh
# file hodge-c-0.98j/idl/idemo.dat continued
#
if test ! -r _shar_seq_.tmp; then
	echo 'Please unpack part 1 first!'
	exit 1
fi
(read Scheck
 if test "$Scheck" != 7; then
	echo Please unpack part "$Scheck" next!
	exit 1
 else
	exit 0
 fi
) < _shar_seq_.tmp || exit 1
if test ! -f _shar_wnt_.tmp; then
	echo 'x - still skipping hodge-c-0.98j/idl/idemo.dat'
else
echo 'x - continuing file hodge-c-0.98j/idl/idemo.dat'
sed 's/^X//' << 'SHAR_EOF' >> 'hodge-c-0.98j/idl/idemo.dat' &&
16	21	59
16	22	45
16	23	1
16	24	1
16	25	0
16	26	100
16	27	95
16	28	79
16	29	59
16	30	47
16	31	36
16	32	38
X
17	1	0
17	2	0
17	3	0
17	4	0
17	5	0
17	6	0
17	7	0
17	8	0
17	9	0
17	10	0
17	11	100
17	12	100
17	13	80
17	14	57
17	15	47
17	16	2
17	17	0
17	18	100
17	19	99
17	20	82
17	21	57
17	22	47
17	23	1
17	24	2
17	25	0
17	26	100
17	27	93
17	28	74
17	29	55
17	30	43
17	31	1
17	32	41
X
18	1	100
18	2	100
18	3	100
18	4	100
18	5	100
18	6	100
18	7	100
18	8	100
18	9	100
18	10	100
18	11	100
18	12	83
18	13	72
18	14	53
18	15	44
18	16	2
18	17	0
18	18	100
18	19	96
18	20	77
18	21	54
18	22	44
18	23	2
18	24	0
18	25	0
18	26	100
18	27	91
18	28	68
18	29	53
18	30	1
18	31	0
18	32	0
X
19	1	94
19	2	94
19	3	94
19	4	94
19	5	93
19	6	93
19	7	92
19	8	91
19	9	89
19	10	85
19	11	80
19	12	72
19	13	61
19	14	46
19	15	37
19	16	2
19	17	0
19	18	100
19	19	92
19	20	70
19	21	49
19	22	37
19	23	2
19	24	0
19	25	100
19	26	100
19	27	87
19	28	60
19	29	49
19	30	1
19	31	0
19	32	0
X
20	1	63
20	2	63
20	3	63
20	4	63
20	5	63
20	6	63
20	7	63
20	8	62
20	9	61
20	10	60
20	11	57
20	12	53
20	13	46
20	14	38
20	15	32
20	16	1
20	17	0
20	18	100
20	19	90
20	20	65
20	21	47
20	22	32
20	23	1
20	24	0
20	25	100
20	26	100
20	27	83
20	28	61
20	29	51
20	30	1
20	31	0
20	32	0
X
21	1	51
21	2	51
21	3	51
21	4	51
21	5	51
21	6	51
21	7	51
21	8	50
21	9	50
21	10	49
21	11	47
21	12	44
21	13	37
21	14	32
21	15	1
21	16	2
21	17	0
21	18	100
21	19	88
21	20	61
21	21	46
21	22	1
21	23	2
21	24	0
21	25	100
21	26	95
21	27	79
21	28	58
21	29	46
21	30	38
21	31	1
21	32	1
X
22	1	2
22	2	2
22	3	2
22	4	2
22	5	2
22	6	2
22	7	2
22	8	2
22	9	2
22	10	2
22	11	2
22	12	2
22	13	2
22	14	1
22	15	2
22	16	0
22	17	0
22	18	100
22	19	85
22	20	60
22	21	49
22	22	2
22	23	0
22	24	0
22	25	100
22	26	91
22	27	74
22	28	59
22	29	48
22	30	42
22	31	42
22	32	42
X
23	1	0
23	2	0
23	3	0
23	4	0
23	5	0
23	6	0
23	7	0
23	8	0
23	9	0
23	10	0
23	11	0
23	12	0
23	13	0
23	14	0
23	15	0
23	16	0
23	17	100
23	18	100
23	19	80
23	20	57
23	21	47
23	22	2
23	23	0
23	24	100
23	25	100
23	26	86
23	27	67
23	28	53
23	29	1
23	30	1
23	31	38
23	32	38
X
24	1	0
24	2	0
24	3	0
24	4	0
24	5	0
24	6	0
24	7	0
24	8	0
24	9	100
24	10	100
24	11	100
24	12	100
24	13	100
24	14	100
24	15	100
24	16	100
24	17	100
24	18	83
24	19	72
24	20	53
24	21	44
24	22	2
24	23	0
24	24	100
24	25	99
24	26	81
24	27	60
24	28	51
24	29	1
24	30	0
24	31	1
24	32	41
X
25	1	100
25	2	100
25	3	100
25	4	100
25	5	100
25	6	100
25	7	100
25	8	100
25	9	100
25	10	99
25	11	96
25	12	93
25	13	91
25	14	90
25	15	88
25	16	85
25	17	80
25	18	72
25	19	61
25	20	46
25	21	37
25	22	2
25	23	0
25	24	100
25	25	95
25	26	77
25	27	54
25	28	44
25	29	1
25	30	0
25	31	0
25	32	0
X
26	1	97
26	2	97
26	3	97
26	4	96
26	5	94
26	6	92
26	7	89
26	8	86
26	9	84
26	10	81
26	11	78
26	12	75
26	13	69
26	14	64
26	15	61
26	16	60
26	17	57
26	18	53
26	19	46
26	20	38
26	21	32
26	22	1
26	23	0
26	24	100
26	25	90
26	26	70
26	27	51
26	28	39
26	29	1
26	30	0
26	31	0
26	32	0
X
27	1	80
27	2	80
27	3	80
27	4	79
27	5	78
27	6	76
27	7	72
27	8	69
27	9	63
27	10	59
27	11	55
27	12	53
27	13	48
27	14	47
27	15	46
27	16	49
27	17	47
27	18	44
27	19	37
27	20	32
27	21	1
27	22	2
27	23	0
27	24	100
27	25	86
27	26	68
27	27	55
27	28	46
27	29	46
27	30	1
27	31	1
27	32	1
X
28	1	64
28	2	64
28	3	64
28	4	63
28	5	60
28	6	56
28	7	52
28	8	49
28	9	45
28	10	42
28	11	40
28	12	41
28	13	37
28	14	32
28	15	1
28	16	1
28	17	2
28	18	2
28	19	2
28	20	1
28	21	2
28	22	0
28	23	0
28	24	100
28	25	75
28	26	61
28	27	54
28	28	52
28	29	50
28	30	44
28	31	40
28	32	39
X
29	1	47
29	2	47
29	3	47
29	4	46
29	5	44
29	6	40
29	7	38
29	8	38
29	9	35
29	10	30
29	11	26
29	12	1
29	13	2
29	14	1
29	15	1
29	16	2
29	17	0
29	18	0
29	19	0
29	20	0
29	21	0
29	22	0
29	23	100
29	24	91
29	25	66
29	26	53
29	27	54
29	28	58
29	29	57
29	30	52
29	31	46
29	32	45
X
30	1	39
30	2	39
30	3	39
30	4	38
30	5	34
30	6	30
30	7	26
30	8	1
30	9	1
30	10	2
30	11	1
30	12	2
30	13	0
30	14	0
30	15	0
30	16	0
30	17	0
30	18	100
30	19	100
30	20	100
30	21	100
30	22	100
30	23	87
30	24	58
30	25	48
30	26	2
30	27	44
30	28	48
30	29	50
30	30	53
30	31	55
30	32	57
X
31	1	1
31	2	1
31	3	1
31	4	1
31	5	1
31	6	1
31	7	0
31	8	1
31	9	2
31	10	0
31	11	0
31	12	0
31	13	0
31	14	0
31	15	100
31	16	100
31	17	100
31	18	100
31	19	96
31	20	87
31	21	86
31	22	69
31	23	61
31	24	41
31	25	40
31	26	1
31	27	1
31	28	46
31	29	56
31	30	56
31	31	58
31	32	56
X
32	1	0
32	2	0
32	3	0
32	4	0
32	5	0
32	6	0
32	7	1
32	8	0
32	9	0
32	10	0
32	11	0
32	12	0
32	13	100
32	14	100
32	15	100
32	16	100
32	17	97
32	18	90
32	19	83
32	20	69
32	21	67
32	22	2
32	23	42
32	24	31
32	25	38
32	26	36
32	27	1
32	28	1
32	29	57
32	30	54
32	31	56
32	32	53
X
# File:    /tmp/idemo-211.dmp
# Creator: HODGE-C SunOS/Solaris 1.1 version 0.98j (042) (C) 1993 by Joerg Heitkoetter
# Grid:    32x32
# Colors:  100
1	1	73
1	2	73
1	3	74
1	4	74
1	5	75
1	6	64
1	7	59
1	8	46
1	9	40
1	10	31
1	11	2
1	12	0
1	13	100
1	14	90
1	15	68
1	16	48
1	17	39
1	18	2
1	19	0
1	20	100
1	21	100
1	22	88
1	23	61
1	24	50
1	25	2
1	26	0
1	27	100
1	28	100
1	29	85
1	30	67
1	31	48
1	32	34
X
2	1	90
2	2	89
2	3	89
2	4	87
2	5	86
2	6	77
2	7	70
2	8	58
2	9	46
2	10	37
2	11	2
2	12	0
2	13	100
2	14	90
2	15	68
2	16	48
2	17	39
2	18	2
2	19	0
2	20	100
2	21	100
2	22	88
2	23	61
2	24	50
2	25	2
2	26	0
2	27	100
2	28	100
2	29	86
2	30	69
2	31	49
2	32	35
X
3	1	100
3	2	100
3	3	100
3	4	100
3	5	100
3	6	100
3	7	84
3	8	73
3	9	53
3	10	44
3	11	2
3	12	0
3	13	100
3	14	90
3	15	68
3	16	48
3	17	39
3	18	2
3	19	0
3	20	0
3	21	100
3	22	89
3	23	61
3	24	50
3	25	2
3	26	0
3	27	100
3	28	100
3	29	87
3	30	71
3	31	51
3	32	37
X
4	1	0
4	2	0
4	3	0
4	4	0
4	5	0
4	6	100
4	7	100
4	8	80
4	9	57
4	10	47
4	11	2
4	12	0
4	13	100
4	14	91
4	15	68
4	16	48
4	17	39
4	18	2
4	19	0
4	20	0
4	21	100
4	22	89
4	23	61
4	24	50
4	25	2
4	26	0
4	27	100
4	28	100
4	29	88
4	30	73
4	31	52
4	32	37
X
5	1	2
5	2	2
5	3	1
5	4	2
5	5	0
5	6	0
5	7	100
5	8	85
5	9	60
5	10	49
5	11	2
5	12	0
5	13	100
5	14	91
5	15	68
5	16	48
5	17	39
5	18	2
5	19	0
5	20	0
5	21	100
5	22	90
5	23	62
5	24	50
5	25	2
5	26	0
5	27	100
5	28	100
5	29	88
5	30	74
5	31	55
5	32	43
X
6	1	47
6	2	49
6	3	45
6	4	1
6	5	2
6	6	0
6	7	100
6	8	89
6	9	61
6	10	50
6	11	2
6	12	0
6	13	100
6	14	91
6	15	68
6	16	48
6	17	39
6	18	2
6	19	0
6	20	0
6	21	100
6	22	90
6	23	62
6	24	50
6	25	2
6	26	0
6	27	100
6	28	100
6	29	88
6	30	73
6	31	55
6	32	43
X
7	1	58
7	2	58
7	3	49
7	4	46
7	5	1
7	6	0
7	7	100
7	8	91
7	9	62
7	10	51
7	11	2
7	12	0
7	13	100
7	14	91
7	15	68
7	16	48
7	17	39
7	18	2
7	19	0
7	20	0
7	21	100
7	22	91
7	23	62
7	24	51
7	25	2
7	26	0
7	27	100
7	28	100
7	29	88
7	30	73
7	31	55
7	32	43
X
8	1	83
8	2	81
8	3	61
8	4	53
8	5	2
8	6	0
8	7	100
8	8	92
8	9	63
8	10	51
8	11	2
8	12	0
8	13	100
8	14	91
8	15	68
8	16	48
8	17	39
8	18	2
8	19	0
8	20	0
8	21	100
8	22	90
8	23	62
8	24	50
8	25	2
8	26	0
8	27	100
8	28	100
8	29	88
8	30	74
8	31	53
8	32	38
X
9	1	100
9	2	96
9	3	66
9	4	44
9	5	2
9	6	0
9	7	100
9	8	92
9	9	63
9	10	51
9	11	2
9	12	0
9	13	100
9	14	91
9	15	68
9	16	48
9	17	39
9	18	2
9	19	0
9	20	0
9	21	100
9	22	90
9	23	62
9	24	50
9	25	2
9	26	0
9	27	100
9	28	100
9	29	88
9	30	74
9	31	53
9	32	38
X
10	1	100
10	2	0
10	3	93
10	4	42
10	5	1
10	6	0
10	7	100
10	8	91
10	9	62
10	10	50
10	11	2
10	12	0
10	13	100
10	14	91
10	15	68
10	16	48
10	17	39
10	18	2
10	19	0
10	20	0
10	21	100
10	22	89
10	23	61
10	24	50
10	25	2
10	26	0
10	27	100
10	28	100
10	29	88
10	30	74
10	31	53
10	32	38
X
11	1	0
11	2	0
11	3	2
11	4	1
11	5	2
11	6	0
11	7	100
11	8	88
11	9	61
11	10	49
11	11	2
11	12	0
11	13	100
11	14	91
11	15	69
11	16	48
11	17	38
11	18	2
11	19	0
11	20	100
11	21	100
11	22	88
11	23	61
11	24	49
11	25	2
11	26	0
11	27	100
11	28	100
11	29	88
11	30	74
11	31	53
11	32	38
X
12	1	100
12	2	0
12	3	0
12	4	0
12	5	0
12	6	100
12	7	100
12	8	82
12	9	57
12	10	47
12	11	2
12	12	0
12	13	100
12	14	91
12	15	66
12	16	46
12	17	34
12	18	2
12	19	0
12	20	100
12	21	100
12	22	85
12	23	59
12	24	49
12	25	2
12	26	0
12	27	100
12	28	100
12	29	88
12	30	74
12	31	53
12	32	38
X
13	1	100
13	2	100
13	3	100
13	4	100
13	5	100
13	6	100
13	7	86
13	8	73
13	9	53
13	10	44
13	11	2
13	12	0
13	13	100
13	14	92
13	15	65
13	16	46
13	17	31
13	18	1
13	19	0
13	20	100
13	21	98
13	22	81
13	23	57
13	24	47
13	25	2
13	26	0
13	27	100
13	28	100
13	29	88
13	30	74
13	31	53
13	32	38
X
14	1	87
14	2	88
14	3	89
14	4	89
14	5	87
14	6	81
14	7	73
14	8	62
14	9	46
14	10	37
14	11	2
14	12	0
14	13	100
14	14	92
14	15	62
14	16	47
14	17	1
14	18	1
14	19	0
14	20	100
14	21	94
14	22	77
14	23	54
14	24	44
14	25	2
14	26	0
14	27	100
14	28	100
14	29	88
14	30	73
14	31	53
14	32	38
X
15	1	60
15	2	61
15	3	61
15	4	61
15	5	60
15	6	57
15	7	53
15	8	46
15	9	38
15	10	32
15	11	1
15	12	0
15	13	100
15	14	91
15	15	62
15	16	51
15	17	1
15	18	2
15	19	0
15	20	100
15	21	91
15	22	69
15	23	48
15	24	37
15	25	2
15	26	0
15	27	100
15	28	100
15	29	87
15	30	73
15	31	57
15	32	46
X
16	1	49
16	2	50
16	3	50
16	4	50
16	5	49
16	6	47
16	7	44
16	8	37
16	9	32
16	10	1
16	11	2
16	12	0
16	13	100
16	14	89
16	15	61
16	16	50
16	17	2
16	18	0
16	19	0
16	20	100
16	21	88
16	22	64
16	23	44
16	24	31
16	25	2
16	26	0
16	27	100
16	28	100
16	29	85
16	30	67
16	31	57
16	32	50
X
17	1	2
17	2	2
17	3	2
17	4	2
17	5	2
17	6	2
17	7	2
17	8	2
17	9	1
17	10	2
17	11	0
17	12	0
17	13	100
17	14	85
17	15	60
17	16	49
17	17	2
17	18	0
17	19	100
17	20	100
17	21	86
17	22	59
17	23	42
17	24	26
17	25	1
17	26	0
17	27	100
17	28	99
17	29	78
17	30	61
17	31	54
17	32	57
X
18	1	0
18	2	0
18	3	0
18	4	0
18	5	0
18	6	0
18	7	0
18	8	0
18	9	0
18	10	0
18	11	0
18	12	100
18	13	100
18	14	80
18	15	57
18	16	47
18	17	2
18	18	0
18	19	100
18	20	100
18	21	82
18	22	57
18	23	44
18	24	1
18	25	2
18	26	0
18	27	100
18	28	95
18	29	69
18	30	54
18	31	1
18	32	1
X
19	1	100
19	2	100
19	3	100
19	4	100
19	5	100
19	6	100
19	7	100
19	8	100
19	9	100
19	10	100
19	11	100
19	12	100
19	13	83
19	14	72
19	15	53
19	16	44
19	17	2
19	18	0
19	19	100
19	20	96
19	21	77
19	22	54
19	23	44
19	24	2
19	25	0
19	26	0
19	27	100
19	28	92
19	29	63
19	30	51
19	31	1
19	32	0
X
20	1	94
20	2	94
20	3	94
20	4	94
20	5	94
20	6	93
20	7	93
20	8	92
20	9	91
20	10	89
20	11	85
20	12	80
20	13	72
20	14	61
20	15	46
20	16	37
20	17	2
20	18	0
20	19	100
20	20	92
20	21	70
20	22	49
20	23	37
20	24	2
20	25	0
20	26	0
20	27	100
20	28	88
20	29	65
20	30	51
20	31	1
20	32	1
X
21	1	63
21	2	63
21	3	63
21	4	63
21	5	63
21	6	63
21	7	63
21	8	63
21	9	62
21	10	61
21	11	60
21	12	57
21	13	53
21	14	46
21	15	38
21	16	32
21	17	1
21	18	0
21	19	100
21	20	90
21	21	65
21	22	47
21	23	32
21	24	1
21	25	0
21	26	100
21	27	100
21	28	87
21	29	69
21	30	58
21	31	48
21	32	46
X
22	1	51
22	2	51
22	3	51
22	4	51
22	5	51
22	6	51
22	7	51
22	8	51
22	9	50
22	10	50
22	11	49
22	12	47
22	13	44
22	14	37
22	15	32
22	16	1
22	17	2
22	18	0
22	19	100
22	20	88
22	21	61
22	22	46
22	23	1
22	24	2
22	25	0
22	26	100
22	27	98
22	28	78
22	29	63
22	30	53
22	31	52
22	32	52
X
23	1	1
23	2	1
23	3	1
23	4	1
23	5	1
23	6	1
23	7	1
23	8	1
23	9	2
23	10	2
23	11	2
23	12	2
23	13	2
23	14	2
23	15	1
23	16	2
23	17	0
23	18	0
23	19	100
23	20	85
23	21	60
23	22	49
23	23	2
23	24	0
23	25	0
23	26	100
23	27	94
23	28	71
23	29	57
23	30	46
23	31	55
23	32	60
X
24	1	1
24	2	1
24	3	1
24	4	1
24	5	1
24	6	1
24	7	1
24	8	2
24	9	0
24	10	0
24	11	0
24	12	0
24	13	0
24	14	0
24	15	0
24	16	0
24	17	0
24	18	100
24	19	100
24	20	80
24	21	57
24	22	47
24	23	2
24	24	0
24	25	100
24	26	100
24	27	88
24	28	61
24	29	46
24	30	2
24	31	48
24	32	57
X
25	1	0
25	2	0
25	3	0
25	4	0
25	5	0
25	6	0
25	7	0
25	8	0
25	9	0
25	10	100
25	11	100
25	12	100
25	13	100
25	14	100
25	15	100
25	16	100
25	17	100
25	18	100
25	19	83
25	20	72
25	21	53
25	22	44
25	23	2
25	24	0
25	25	100
25	26	100
25	27	83
25	28	58
25	29	47
25	30	1
25	31	0
25	32	1
X
26	1	100
26	2	100
26	3	100
26	4	100
26	5	100
26	6	100
26	7	100
26	8	100
26	9	100
26	10	100
26	11	100
26	12	98
26	13	95
26	14	92
26	15	90
26	16	88
26	17	85
26	18	80
26	19	72
26	20	61
26	21	46
26	22	37
26	23	2
26	24	0
26	25	100
26	26	96
26	27	81
26	28	62
26	29	50
26	30	1
26	31	1
26	32	1
X
27	1	100
27	2	100
27	3	100
27	4	100
27	5	100
27	6	99
27	7	96
27	8	92
27	9	89
27	10	85
27	11	83
27	12	80
27	13	76
27	14	70
27	15	65
27	16	61
27	17	60
27	18	57
27	19	53
27	20	46
27	21	38
27	22	32
27	23	1
27	24	0
27	25	100
27	26	92
27	27	80
27	28	68
27	29	59
27	30	51
27	31	46
27	32	45
X
28	1	88
28	2	88
28	3	88
28	4	87
28	5	85
28	6	82
28	7	79
28	8	76
28	9	72
28	10	68
28	11	63
28	12	58
28	13	54
28	14	48
28	15	45
28	16	43
28	17	46
28	18	47
28	19	44
28	20	37
28	21	32
28	22	1
28	23	1
28	24	0
28	25	100
28	26	88
28	27	80
28	28	77
28	29	70
28	30	62
28	31	54
28	32	53
X
29	1	75
29	2	75
29	3	74
29	4	73
29	5	70
29	6	67
29	7	61
29	8	56
29	9	52
29	10	49
29	11	45
29	12	43
29	13	41
29	14	37
29	15	31
29	16	26
29	17	1
29	18	2
29	19	2
29	20	2
29	21	1
29	22	1
29	23	0
29	24	100
29	25	94
29	26	75
29	27	72
29	28	76
29	29	76
29	30	74
29	31	72
29	32	72
X
30	1	54
30	2	54
30	3	53
30	4	52
30	5	51
30	6	51
30	7	46
30	8	42
30	9	38
30	10	38
30	11	35
30	12	31
30	13	1
30	14	1
30	15	2
30	16	1
30	17	2
30	18	0
30	19	0
30	20	0
30	21	0
30	22	0
30	23	100
30	24	99
30	25	69
30	26	59
30	27	59
30	28	71
30	29	77
30	30	78
30	31	78
30	32	77
X
31	1	45
31	2	45
31	3	44
31	4	44
31	5	42
31	6	40
31	7	2
31	8	30
31	9	26
31	10	1
31	11	1
31	12	0
31	13	1
31	14	2
31	15	0
31	16	0
31	17	0
31	18	0
31	19	100
31	20	100
31	21	100
31	22	100
31	23	86
31	24	74
31	25	57
31	26	48
31	27	45
31	28	58
31	29	71
31	30	80
31	31	80
31	32	80
X
32	1	1
32	2	1
32	3	1
32	4	1
32	5	1
32	6	1
32	7	26
32	8	1
32	9	0
32	10	0
32	11	0
32	12	1
32	13	0
32	14	0
32	15	0
32	16	0
32	17	100
32	18	100
32	19	100
32	20	100
32	21	82
32	22	73
32	23	60
32	24	65
32	25	57
32	26	46
32	27	38
32	28	49
32	29	67
32	30	81
32	31	80
32	32	79
X
# File:    /tmp/idemo-212.dmp
# Creator: HODGE-C SunOS/Solaris 1.1 version 0.98j (042) (C) 1993 by Joerg Heitkoetter
# Grid:    32x32
# Colors:  100
1	1	100
1	2	100
1	3	100
1	4	100
1	5	100
1	6	94
1	7	85
1	8	76
1	9	66
1	10	50
1	11	42
1	12	2
1	13	0
1	14	100
1	15	93
1	16	76
1	17	54
1	18	45
1	19	2
1	20	0
1	21	0
1	22	100
1	23	91
1	24	62
1	25	51
1	26	2
1	27	0
1	28	0
1	29	100
1	30	92
1	31	75
1	32	64
X
2	1	100
2	2	100
2	3	100
2	4	100
2	5	100
2	6	100
2	7	100
2	8	83
2	9	72
2	10	53
2	11	44
2	12	2
2	13	0
2	14	100
2	15	93
2	16	76
2	17	54
2	18	45
2	19	2
2	20	0
2	21	0
2	22	100
2	23	91
2	24	62
2	25	51
2	26	2
2	27	0
2	28	0
2	29	100
2	30	93
2	31	76
2	32	65
X
3	1	0
3	2	0
3	3	0
3	4	0
3	5	0
3	6	0
3	7	100
3	8	100
3	9	80
3	10	57
3	11	47
3	12	2
3	13	0
3	14	100
3	15	93
3	16	76
3	17	54
3	18	45
3	19	1
3	20	2
3	21	0
3	22	100
3	23	91
3	24	62
3	25	51
3	26	2
3	27	0
3	28	0
3	29	100
3	30	94
3	31	77
3	32	66
X
4	1	2
4	2	2
4	3	2
4	4	1
4	5	2
4	6	0
4	7	0
4	8	100
4	9	85
4	10	60
4	11	49
4	12	2
4	13	0
4	14	100
4	15	93
4	16	76
4	17	54
4	18	45
4	19	1
4	20	1
4	21	0
4	22	100
4	23	91
4	24	62
4	25	51
4	26	2
4	27	0
4	28	0
4	29	100
4	30	96
4	31	79
4	32	68
X
5	1	49
5	2	49
5	3	41
5	4	35
5	5	1
5	6	2
5	7	0
5	8	100
5	9	89
5	10	61
5	11	50
5	12	2
5	13	0
5	14	100
5	15	94
5	16	76
5	17	54
5	18	45
5	19	1
5	20	1
5	21	0
5	22	100
5	23	92
5	24	62
5	25	51
5	26	2
5	27	0
5	28	0
5	29	100
5	30	96
5	31	81
5	32	70
X
6	1	60
6	2	59
6	3	53
6	4	43
6	5	35
6	6	1
6	7	0
6	8	100
6	9	91
6	10	62
6	11	51
6	12	2
6	13	0
6	14	100
6	15	94
6	16	76
6	17	54
6	18	45
6	19	1
6	20	1
6	21	0
6	22	100
6	23	92
6	24	63
6	25	51
6	26	2
6	27	0
6	28	0
6	29	100
6	30	97
6	31	82
6	32	72
X
7	1	87
7	2	84
7	3	74
7	4	53
7	5	42
7	6	2
7	7	0
7	8	100
7	9	92
7	10	63
7	11	51
7	12	2
7	13	0
7	14	100
7	15	94
7	16	76
7	17	54
7	18	45
7	19	1
7	20	1
7	21	0
7	22	100
7	23	92
7	24	63
7	25	51
7	26	2
7	27	0
7	28	0
7	29	100
7	30	96
7	31	81
7	32	70
X
8	1	100
8	2	100
8	3	86
8	4	61
8	5	49
8	6	2
8	7	0
8	8	100
8	9	93
8	10	63
8	11	51
8	12	2
8	13	0
8	14	100
8	15	94
8	16	76
8	17	54
8	18	45
8	19	1
8	20	1
8	21	0
8	22	100
8	23	92
8	24	63
8	25	51
8	26	2
8	27	0
8	28	0
8	29	100
8	30	96
8	31	80
8	32	69
X
9	1	0
9	2	100
9	3	92
9	4	65
9	5	49
9	6	2
9	7	0
9	8	100
9	9	93
9	10	63
9	11	51
9	12	2
9	13	0
9	14	100
9	15	94
9	16	76
9	17	54
9	18	45
9	19	1
9	20	1
9	21	0
9	22	100
9	23	92
9	24	62
9	25	51
9	26	2
9	27	0
9	28	0
9	29	100
9	30	96
9	31	80
9	32	68
X
10	1	0
10	2	2
10	3	74
10	4	53
10	5	40
10	6	2
10	7	0
10	8	100
10	9	92
10	10	63
10	11	51
10	12	2
10	13	0
10	14	100
10	15	94
10	16	76
10	17	54
10	18	45
10	19	1
10	20	2
10	21	0
10	22	100
10	23	91
10	24	62
10	25	50
10	26	2
10	27	0
10	28	0
10	29	100
10	30	96
10	31	80
10	32	68
X
11	1	2
11	2	1
11	3	59
11	4	48
11	5	61
11	6	2
11	7	0
11	8	100
11	9	90
11	10	61
11	11	50
11	12	2
11	13	0
11	14	100
11	15	93
11	16	75
11	17	53
11	18	44
11	19	2
11	20	0
11	21	0
11	22	100
11	23	90
11	24	62
11	25	50
11	26	2
11	27	0
11	28	0
11	29	100
11	30	96
11	31	80
11	32	68
X
12	1	0
12	2	2
12	3	1
12	4	2
12	5	2
12	6	0
12	7	0
12	8	100
12	9	86
12	10	60
12	11	49
12	12	2
12	13	0
12	14	100
12	15	93
12	16	74
12	17	52
12	18	43
12	19	2
12	20	0
12	21	0
12	22	100
12	23	89
12	24	61
12	25	50
12	26	2
12	27	0
12	28	0
12	29	100
12	30	96
12	31	80
12	32	68
X
13	1	0
13	2	0
13	3	0
13	4	0
13	5	0
13	6	0
13	7	100
13	8	100
13	9	80
13	10	57
13	11	47
13	12	2
13	13	0
13	14	100
13	15	92
13	16	69
13	17	48
13	18	36
13	19	2
13	20	0
13	21	100
13	22	100
13	23	86
13	24	60
13	25	49
13	26	2
13	27	0
13	28	0
13	29	100
13	30	96
13	31	79
13	32	68
X
14	1	100
14	2	100
14	3	100
14	4	100
14	5	100
14	6	100
14	7	100
14	8	83
14	9	72
14	10	53
14	11	44
14	12	2
14	13	0
14	14	100
14	15	92
14	16	65
14	17	45
14	18	31
14	19	2
14	20	0
14	21	100
14	22	99
14	23	82
14	24	57
14	25	47
14	26	2
14	27	0
14	28	0
14	29	100
14	30	96
14	31	81
14	32	70
X
15	1	90
15	2	91
15	3	91
15	4	91
15	5	89
15	6	86
15	7	80
15	8	72
15	9	61
15	10	46
15	11	37
15	12	2
15	13	0
15	14	100
15	15	92
15	16	62
15	17	44
15	18	26
15	19	1
15	20	0
15	21	100
15	22	94
15	23	77
15	24	54
15	25	44
15	26	2
15	27	0
15	28	0
15	29	100
15	30	96
15	31	82
15	32	73
X
16	1	62
16	2	62
16	3	62
16	4	62
16	5	61
16	6	60
16	7	57
16	8	53
16	9	46
16	10	38
16	11	32
16	12	1
16	13	0
16	14	100
16	15	91
16	16	62
16	17	47
16	18	1
16	19	2
16	20	0
16	21	100
16	22	90
16	23	71
16	24	50
16	25	41
16	26	2
16	27	0
16	28	0
16	29	100
16	30	93
16	31	83
16	32	77
X
17	1	50
17	2	50
17	3	51
17	4	50
17	5	50
17	6	49
17	7	47
17	8	44
17	9	37
17	10	32
17	11	1
17	12	2
17	13	0
17	14	100
17	15	89
17	16	61
17	17	50
17	18	2
17	19	0
17	20	0
17	21	100
17	22	87
17	23	65
17	24	46
17	25	35
17	26	2
17	27	0
17	28	100
17	29	100
17	30	83
17	31	69
17	32	61
X
18	1	2
18	2	2
18	3	2
18	4	2
18	5	2
18	6	2
18	7	2
18	8	2
18	9	2
18	10	1
18	11	2
18	12	0
18	13	0
18	14	100
18	15	85
18	16	60
18	17	49
18	18	2
18	19	0
18	20	0
18	21	100
18	22	85
18	23	61
18	24	45
18	25	31
18	26	1
18	27	0
18	28	100
18	29	98
18	30	73
18	31	60
18	32	49
X
19	1	0
19	2	0
19	3	0
19	4	0
19	5	0
19	6	0
19	7	0
19	8	0
19	9	0
19	10	0
19	11	0
19	12	0
19	13	100
19	14	100
19	15	80
19	16	57
19	17	47
19	18	2
19	19	0
19	20	100
19	21	100
19	22	82
19	23	57
19	24	43
19	25	1
19	26	1
19	27	0
19	28	100
19	29	94
19	30	64
19	31	45
19	32	2
X
20	1	100
20	2	100
20	3	100
20	4	100
20	5	100
20	6	100
20	7	100
20	8	100
20	9	100
20	10	100
20	11	100
20	12	100
20	13	100
20	14	83
20	15	72
20	16	53
20	17	44
20	18	2
20	19	0
20	20	100
20	21	96
20	22	77
20	23	54
20	24	44
20	25	1
20	26	2
20	27	0
20	28	100
20	29	94
20	30	70
20	31	57
20	32	45
X
21	1	94
21	2	94
21	3	94
21	4	94
21	5	94
21	6	94
21	7	93
21	8	93
21	9	92
21	10	91
21	11	89
21	12	85
21	13	80
21	14	72
21	15	61
21	16	46
21	17	37
21	18	2
21	19	0
21	20	100
21	21	92
21	22	70
21	23	49
21	24	37
21	25	2
21	26	0
21	27	0
21	28	100
21	29	93
21	30	76
21	31	65
21	32	58
X
22	1	63
22	2	63
22	3	63
22	4	63
22	5	63
22	6	63
22	7	63
22	8	63
22	9	63
22	10	62
22	11	61
22	12	60
22	13	57
22	14	53
22	15	46
22	16	38
22	17	32
22	18	1
22	19	0
22	20	100
22	21	90
22	22	65
22	23	47
22	24	32
22	25	1
22	26	0
22	27	100
22	28	100
22	29	89
22	30	80
22	31	77
22	32	77
X
23	1	42
23	2	42
23	3	42
23	4	42
23	5	42
23	6	42
23	7	42
23	8	44
23	9	47
23	10	50
23	11	50
23	12	49
23	13	47
23	14	44
23	15	37
23	16	32
23	17	1
23	18	2
23	19	0
23	20	100
23	21	88
23	22	61
23	23	46
23	24	1
23	25	2
23	26	0
23	27	100
23	28	97
23	29	78
23	30	71
23	31	72
23	32	79
X
24	1	26
24	2	26
24	3	26
24	4	26
24	5	26
24	6	26
24	7	26
24	8	26
24	9	1
24	10	2
24	11	2
24	12	2
24	13	2
24	14	2
24	15	2
24	16	1
24	17	2
24	18	0
24	19	0
24	20	100
24	21	85
24	22	60
24	23	49
24	24	2
24	25	0
24	26	0
24	27	100
24	28	92
24	29	68
24	30	62
24	31	58
24	32	67
X
25	1	2
25	2	2
25	3	2
25	4	2
25	5	2
25	6	2
25	7	2
25	8	1
25	9	2
25	10	0
25	11	0
25	12	0
25	13	0
25	14	0
25	15	0
25	16	0
25	17	0
25	18	0
25	19	100
25	20	100
25	21	80
25	22	57
25	23	47
25	24	2
25	25	0
25	26	0
25	27	100
25	28	89
25	29	61
25	30	49
25	31	2
25	32	45
X
26	1	0
26	2	0
26	3	0
26	4	0
26	5	0
26	6	0
26	7	0
26	8	0
26	9	0
26	10	0
26	11	0
26	12	100
26	13	100
26	14	100
26	15	100
26	16	100
26	17	100
26	18	100
26	19	100
26	20	83
26	21	72
26	22	53
26	23	44
26	24	2
26	25	0
26	26	100
26	27	100
26	28	90
26	29	69
26	30	57
26	31	43
26	32	42
X
27	1	0
27	2	0
27	3	0
27	4	0
27	5	0
27	6	100
27	7	100
27	8	100
27	9	100
27	10	100
27	11	100
27	12	100
27	13	99
27	14	95
27	15	91
27	16	89
27	17	88
27	18	85
27	19	80
27	20	72
27	21	61
27	22	46
27	23	37
27	24	2
27	25	0
27	26	100
27	27	100
27	28	94
27	29	80
27	30	68
27	31	59
27	32	58
X
28	1	100
28	2	100
28	3	100
28	4	100
28	5	100
28	6	100
28	7	100
28	8	99
28	9	96
28	10	92
28	11	88
28	12	85
28	13	81
28	14	76
28	15	72
28	16	67
28	17	63
28	18	59
28	19	57
28	20	53
28	21	46
28	22	38
28	23	52
28	24	2
28	25	0
28	26	100
28	27	100
28	28	98
28	29	93
28	30	87
28	31	83
28	32	81
X
29	1	97
29	2	97
29	3	96
29	4	95
29	5	93
29	6	90
29	7	87
29	8	83
29	9	79
29	10	76
29	11	72
29	12	66
29	13	59
29	14	53
29	15	51
29	16	46
29	17	46
29	18	45
29	19	47
29	20	44
29	21	37
29	22	52
29	23	2
29	24	0
29	25	100
29	26	100
29	27	98
29	28	98
29	29	98
29	30	96
29	31	93
29	32	92
X
30	1	83
30	2	82
30	3	82
30	4	80
30	5	79
30	6	72
30	7	68
30	8	64
30	9	61
30	10	56
30	11	55
30	12	49
30	13	44
30	14	39
30	15	39
30	16	35
30	17	31
30	18	1
30	19	2
30	20	2
30	21	2
30	22	2
30	23	0
30	24	100
30	25	100
30	26	89
30	27	87
30	28	92
30	29	98
30	30	100
30	31	100
30	32	100
X
31	1	58
31	2	58
31	3	57
31	4	57
31	5	56
31	6	53
31	7	51
31	8	51
31	9	50
31	10	48
31	11	42
31	12	2
31	13	31
31	14	26
31	15	1
31	16	1
31	17	1
31	18	2
31	19	0
31	20	0
31	21	0
31	22	0
31	23	100
31	24	100
31	25	88
31	26	78
31	27	77
31	28	84
31	29	95
31	30	100
31	31	100
31	32	100
X
32	1	40
32	2	40
32	3	40
32	4	40
32	5	39
32	6	40
32	7	39
32	8	41
32	9	1
32	10	1
32	11	1
32	12	26
32	13	1
32	14	0
32	15	0
32	16	1
32	17	0
32	18	0
32	19	0
32	20	0
32	21	100
32	22	100
32	23	100
32	24	89
32	25	82
32	26	73
32	27	71
32	28	78
32	29	92
32	30	100
32	31	100
32	32	100
X
# File:    /tmp/idemo-213.dmp
# Creator: HODGE-C SunOS/Solaris 1.1 version 0.98j (042) (C) 1993 by Joerg Heitkoetter
# Grid:    32x32
# Colors:  100
1	1	0
1	2	0
1	3	0
1	4	0
1	5	0
1	6	100
1	7	100
1	8	100
1	9	90
1	10	78
1	11	56
1	12	47
1	13	2
1	14	0
1	15	100
1	16	99
1	17	83
1	18	58
1	19	48
1	20	1
1	21	1
1	22	0
1	23	100
1	24	93
1	25	63
1	26	51
1	27	1
1	28	1
1	29	0
1	30	100
1	31	100
1	32	93
X
2	1	0
2	2	0
2	3	0
2	4	0
2	5	0
2	6	0
2	7	0
2	8	100
2	9	100
2	10	81
2	11	58
2	12	48
2	13	2
2	14	0
2	15	100
2	16	99
2	17	83
2	18	58
2	19	45
2	20	1
2	21	1
2	22	0
2	23	100
2	24	93
2	25	63
2	26	51
2	27	1
2	28	1
2	29	0
2	30	100
2	31	100
2	32	93
X
3	1	2
3	2	2
3	3	2
3	4	2
3	5	1
3	6	2
3	7	0
3	8	0
3	9	100
3	10	85
3	11	60
3	12	49
3	13	2
3	14	0
3	15	100
3	16	99
3	17	83
3	18	58
3	19	42
3	20	26
3	21	1
3	22	0
3	23	100
3	24	93
3	25	63
3	26	51
3	27	1
3	28	1
3	29	0
3	30	100
3	31	100
3	32	95
X
4	1	50
4	2	49
4	3	46
4	4	38
4	5	33
4	6	1
4	7	2
4	8	0
4	9	100
4	10	89
4	11	61
4	12	50
4	13	2
4	14	0
4	15	100
4	16	99
4	17	83
4	18	58
4	19	40
4	20	26
4	21	2
4	22	0
4	23	100
4	24	93
4	25	63
4	26	51
4	27	1
4	28	1
4	29	0
4	30	100
4	31	100
4	32	96
X
5	1	61
5	2	60
5	3	56
5	4	48
5	5	40
5	6	33
5	7	1
5	8	0
5	9	100
5	10	91
5	11	62
5	12	51
5	13	2
5	14	0
5	15	100
5	16	99
5	17	83
5	18	58
5	19	40
5	20	26
5	21	2
5	22	0
5	23	100
5	24	93
5	25	63
5	26	51
5	27	1
5	28	1
5	29	0
5	30	100
5	31	100
5	32	98
X
6	1	89
6	2	86
6	3	79
6	4	66
6	5	48
6	6	38
6	7	2
6	8	0
6	9	100
6	10	92
6	11	63
6	12	51
6	13	2
6	14	0
6	15	100
6	16	99
6	17	83
6	18	58
6	19	40
6	20	26
6	21	2
6	22	0
6	23	100
6	24	93
6	25	63
6	26	51
6	27	1
6	28	1
6	29	0
6	30	100
6	31	100
6	32	99
X
7	1	100
7	2	100
7	3	100
7	4	80
7	5	57
7	6	46
7	7	2
7	8	0
7	9	100
7	10	93
7	11	63
7	12	51
7	13	2
7	14	0
7	15	100
7	16	99
7	17	83
7	18	58
7	19	40
7	20	26
7	21	2
7	22	0
7	23	100
7	24	93
7	25	63
7	26	51
7	27	1
7	28	1
7	29	0
7	30	100
7	31	100
7	32	98
X
8	1	0
8	2	0
8	3	100
8	4	88
8	5	61
8	6	49
8	7	2
8	8	0
8	9	100
8	10	93
8	11	63
8	12	51
8	13	2
8	14	0
8	15	100
8	16	99
8	17	83
8	18	58
8	19	40
8	20	26
8	21	2
8	22	0
8	23	100
8	24	93
8	25	63
8	26	51
8	27	1
8	28	1
8	29	0
8	30	100
8	31	100
8	32	97
X
9	1	2
9	2	0
9	3	100
9	4	88
9	5	60
9	6	49
9	7	2
9	8	0
9	9	100
9	10	93
9	11	63
9	12	51
9	13	2
9	14	0
9	15	100
9	16	99
9	17	83
9	18	58
9	19	40
9	20	26
9	21	2
9	22	0
9	23	100
9	24	93
9	25	63
9	26	51
9	27	1
9	28	1
9	29	0
9	30	100
9	31	100
9	32	97
X
10	1	1
10	2	80
10	3	86
10	4	85
10	5	60
10	6	51
10	7	2
10	8	0
10	9	100
10	10	93
10	11	63
10	12	51
10	13	2
10	14	0
10	15	100
10	16	99
10	17	83
10	18	58
10	19	42
10	20	26
10	21	1
10	22	0
10	23	100
10	24	92
10	25	63
10	26	51
10	27	1
10	28	1
10	29	0
10	30	100
10	31	100
10	32	97
X
11	1	26
11	2	45
11	3	51
11	4	62
11	5	51
11	6	46
11	7	1
11	8	0
11	9	100
11	10	91
11	11	62
11	12	51
11	13	2
11	14	0
11	15	100
11	16	98
11	17	82
11	18	57
11	19	44
11	20	1
11	21	1
11	22	0
11	23	100
11	24	92
11	25	62
11	26	51
11	27	1
11	28	1
11	29	0
11	30	100
11	31	100
11	32	97
X
12	1	1
12	2	38
12	3	43
12	4	53
12	5	48
12	6	1
12	7	2
12	8	0
12	9	100
12	10	89
12	11	61
12	12	50
12	13	2
12	14	0
12	15	100
12	16	97
12	17	79
12	18	56
12	19	46
12	20	1
12	21	2
12	22	0
12	23	100
12	24	91
12	25	62
12	26	50
12	27	1
12	28	1
12	29	0
12	30	100
12	31	100
12	32	96
X
13	1	1
13	2	1
13	3	2
13	4	2
13	5	1
13	6	2
13	7	0
13	8	0
13	9	100
13	10	85
13	11	60
13	12	49
13	13	2
13	14	0
13	15	100
13	16	95
13	17	76
13	18	54
13	19	44
13	20	2
13	21	0
13	22	0
13	23	100
13	24	89
13	25	61
13	26	50
13	27	1
13	28	1
13	29	0
13	30	100
13	31	100
13	32	97
X
14	1	0
14	2	0
14	3	0
14	4	0
14	5	0
14	6	0
14	7	0
14	8	100
14	9	100
14	10	80
14	11	57
14	12	47
14	13	2
14	14	0
14	15	100
14	16	92
14	17	72
14	18	51
14	19	41
14	20	2
14	21	0
14	22	100
14	23	100
14	24	86
14	25	60
14	26	49
14	27	1
14	28	1
14	29	0
14	30	100
14	31	100
14	32	98
X
15	1	100
15	2	100
15	3	100
15	4	100
15	5	100
15	6	100
15	7	100
15	8	100
15	9	83
15	10	72
15	11	53
15	12	44
15	13	2
15	14	0
15	15	100
15	16	91
15	17	67
15	18	47
15	19	35
15	20	2
15	21	0
15	22	100
15	23	99
15	24	83
15	25	58
15	26	48
15	27	1
15	28	1
15	29	0
15	30	100
15	31	100
15	32	100
X
16	1	92
16	2	92
16	3	92
16	4	92
16	5	91
16	6	89
16	7	85
16	8	80
16	9	72
16	10	61
16	11	46
16	12	37
16	13	2
16	14	0
16	15	100
16	16	91
16	17	64
16	18	46
16	19	31
16	20	1
16	21	0
16	22	100
16	23	95
16	24	78
16	25	55
16	26	46
16	27	1
16	28	2
16	29	0
16	30	100
16	31	100
16	32	97
X
17	1	63
17	2	63
17	3	63
17	4	63
17	5	62
17	6	61
17	7	60
17	8	57
17	9	53
17	10	46
17	11	38
17	12	32
17	13	1
17	14	0
17	15	100
17	16	91
17	17	62
17	18	46
17	19	1
17	20	1
17	21	0
17	22	100
17	23	91
17	24	74
17	25	53
17	26	43
17	27	2
17	28	0
17	29	0
17	30	100
17	31	97
17	32	90
X
18	1	51
18	2	51
18	3	51
18	4	51
18	5	50
18	6	50
18	7	49
18	8	47
18	9	44
18	10	37
18	11	32
18	12	1
18	13	2
18	14	0
18	15	100
18	16	89
18	17	61
18	18	50
18	19	1
18	20	2
18	21	0
18	22	100
18	23	88
18	24	67
18	25	47
18	26	36
18	27	2
18	28	0
18	29	100
18	30	100
18	31	81
18	32	69
X
19	1	2
19	2	2
19	3	2
19	4	2
19	5	2
19	6	2
19	7	2
19	8	2
19	9	2
19	10	2
19	11	1
19	12	2
19	13	0
19	14	0
19	15	100
19	16	85
19	17	60
19	18	49
19	19	2
19	20	0
19	21	0
19	22	100
19	23	85
19	24	62
19	25	43
19	26	31
19	27	2
19	28	0
19	29	100
19	30	97
19	31	76
19	32	64
X
20	1	0
20	2	0
20	3	0
20	4	0
20	5	0
20	6	0
20	7	0
20	8	0
20	9	0
20	10	0
20	11	0
20	12	0
20	13	0
20	14	100
20	15	100
20	16	80
20	17	57
20	18	47
20	19	2
20	20	0
20	21	100
20	22	100
20	23	82
20	24	57
20	25	41
20	26	26
20	27	1
20	28	0
20	29	100
20	30	98
20	31	78
20	32	66
X
21	1	100
21	2	100
21	3	100
21	4	100
21	5	100
21	6	100
21	7	100
21	8	100
21	9	100
21	10	100
21	11	100
21	12	100
21	13	100
21	14	100
21	15	83
21	16	72
21	17	53
21	18	44
21	19	2
21	20	0
21	21	100
21	22	96
21	23	77
21	24	54
21	25	42
21	26	1
21	27	2
21	28	0
21	29	100
21	30	100
21	31	92
21	32	87
X
22	1	91
22	2	91
22	3	91
22	4	91
22	5	91
22	6	91
22	7	91
22	8	91
22	9	92
22	10	92
22	11	91
22	12	89
22	13	85
22	14	80
22	15	72
22	16	61
22	17	46
22	18	37
22	19	2
22	20	0
22	21	100
22	22	92
22	23	70
22	24	49
22	25	37
22	26	2
22	27	0
22	28	0
22	29	100
22	30	100
22	31	97
22	32	96
X
23	1	68
23	2	68
23	3	68
23	4	68
23	5	68
23	6	68
23	7	68
23	8	66
23	9	64
23	10	62
23	11	62
23	12	61
23	13	60
23	14	57
23	15	53
23	16	46
23	17	38
23	18	32
23	19	1
23	20	0
23	21	100
23	22	90
23	23	65
23	24	47
23	25	32
23	26	1
23	27	0
23	28	100
23	29	100
23	30	97
23	31	96
23	32	97
X
24	1	48
24	2	48
24	3	48
24	4	48
24	5	48
24	6	48
24	7	48
24	8	46
24	9	46
24	10	47
24	11	50
24	12	50
24	13	49
24	14	47
24	15	44
24	16	37
24	17	32
24	18	1
24	19	2
24	20	0
24	21	100
24	22	88
24	23	61
24	24	46
24	25	1
24	26	1
24	27	0
24	28	100
24	29	99
24	30	82
24	31	81
24	32	82
X
25	1	39
25	2	39
25	3	39
25	4	39
25	5	39
25	6	39
25	7	38
25	8	34
25	9	31
25	10	1
25	11	1
25	12	2
25	13	2
25	14	2
25	15	2
25	16	2
25	17	1
25	18	2
25	19	0
25	20	0
25	21	100
25	22	85
25	23	60
25	24	49
25	25	1
25	26	2
25	27	0
25	28	100
25	29	95
25	30	77
25	31	72
25	32	70
X
26	1	1
26	2	1
26	3	1
26	4	1
26	5	1
26	6	2
26	7	2
26	8	2
26	9	1
26	10	1
26	11	2
26	12	0
26	13	0
26	14	0
26	15	0
26	16	0
26	17	0
26	18	0
26	19	0
26	20	100
26	21	100
26	22	80
26	23	57
26	24	47
26	25	2
26	26	0
26	27	0
26	28	100
26	29	98
26	30	79
26	31	72
26	32	68
X
27	1	1
27	2	1
27	3	1
27	4	1
27	5	2
27	6	0
27	7	0
27	8	0
27	9	0
27	10	0
27	11	0
27	12	0
27	13	100
27	14	100
27	15	100
27	16	100
27	17	100
27	18	100
27	19	100
27	20	100
27	21	83
27	22	74
27	23	55
27	24	48
27	25	2
27	26	0
27	27	0
27	28	100
27	29	100
27	30	96
27	31	89
27	32	85
X
28	1	0
28	2	0
28	3	0
28	4	0
28	5	0
28	6	0
28	7	0
28	8	100
28	9	100
28	10	100
28	11	100
28	12	100
28	13	100
28	14	100
28	15	96
28	16	93
28	17	90
28	18	88
28	19	85
28	20	80
28	21	74
28	22	66
28	23	53
28	24	64
28	25	2
28	26	0
28	27	0
28	28	100
28	29	100
28	30	100
28	31	100
28	32	100
X
29	1	100
29	2	100
29	3	100
29	4	100
29	5	100
29	6	100
29	7	100
29	8	100
29	9	100
29	10	100
29	11	96
29	12	91
29	13	86
29	14	82
29	15	78
29	16	75
29	17	68
29	18	64
29	19	59
29	20	57
29	21	55
29	22	53
29	23	66
29	24	2
29	25	0
29	26	0
29	27	100
29	28	100
29	29	100
29	30	100
29	31	100
29	32	100
X
30	1	100
30	2	100
30	3	100
30	4	100
30	5	100
30	6	97
30	7	93
30	8	91
30	9	88
30	10	84
30	11	76
30	12	71
30	13	66
30	14	63
30	15	57
30	16	52
30	17	48
30	18	46
30	19	45
30	20	47
30	21	48
30	22	64
30	23	2
30	24	0
30	25	0
30	26	100
30	27	100
30	28	100
30	29	100
30	30	0
30	31	0
30	32	0
X
31	1	85
31	2	85
31	3	84
31	4	83
31	5	82
31	6	80
31	7	78
31	8	72
31	9	66
31	10	60
31	11	56
31	12	52
31	13	52
31	14	50
31	15	45
31	16	40
31	17	35
31	18	32
31	19	1
31	20	1
31	21	2
31	22	2
31	23	0
31	24	0
31	25	100
31	26	100
31	27	100
31	28	100
31	29	100
31	30	0
31	31	0
31	32	0
X
32	1	71
32	2	70
32	3	70
32	4	70
32	5	69
32	6	69
32	7	68
32	8	59
32	9	51
32	10	41
32	11	41
32	12	39
32	13	41
32	14	1
32	15	1
32	16	26
32	17	1
32	18	0
32	19	0
32	20	1
32	21	0
32	22	0
32	23	0
32	24	100
32	25	100
32	26	100
32	27	100
32	28	100
32	29	100
32	30	0
32	31	0
32	32	0
X
# File:    /tmp/idemo-214.dmp
# Creator: HODGE-C SunOS/Solaris 1.1 version 0.98j (042) (C) 1993 by Joerg Heitkoetter
# Grid:    32x32
# Colors:  100
1	1	0
1	2	0
1	3	0
1	4	0
1	5	1
1	6	0
1	7	0
1	8	0
1	9	100
1	10	100
1	11	86
1	12	60
1	13	49
1	14	2
1	15	0
1	16	100
1	17	100
1	18	87
1	19	60
1	20	41
1	21	26
1	22	2
1	23	0
1	24	100
1	25	94
1	26	63
1	27	42
1	28	26
1	29	2
1	30	0
1	31	0
1	32	100
X
2	1	1
2	2	1
2	3	1
2	4	1
2	5	1
2	6	1
2	7	2
2	8	0
2	9	0
2	10	100
2	11	87
2	12	61
2	13	50
2	14	2
2	15	0
2	16	100
2	17	100
2	18	87
2	19	62
2	20	43
2	21	30
2	22	2
2	23	0
2	24	100
2	25	94
2	26	63
2	27	42
2	28	26
2	29	2
2	30	0
2	31	0
2	32	100
X
3	1	50
3	2	50
3	3	48
3	4	45
3	5	37
3	6	32
3	7	1
3	8	2
3	9	0
3	10	100
3	11	89
3	12	61
3	13	50
3	14	2
3	15	0
3	16	100
3	17	100
3	18	86
3	19	64
3	20	45
3	21	34
3	22	2
3	23	0
3	24	100
3	25	94
3	26	63
3	27	42
3	28	26
3	29	2
3	30	0
3	31	0
3	32	100
X
4	1	62
4	2	61
4	3	58
4	4	54
4	5	47
4	6	39
4	7	32
4	8	1
4	9	0
4	10	100
4	11	91
4	12	62
4	13	51
4	14	2
4	15	0
4	16	100
4	17	100
4	18	85
4	19	66
4	20	47
4	21	38
4	22	2
4	23	0
4	24	100
4	25	94
4	26	63
4	27	42
4	28	26
4	29	2
4	30	0
4	31	0
4	32	100
X
5	1	91
5	2	89
5	3	83
5	4	75
5	5	63
5	6	47
5	7	37
5	8	2
5	9	0
5	10	100
5	11	92
5	12	63
5	13	51
5	14	2
5	15	0
5	16	100
5	17	100
5	18	85
5	19	66
5	20	47
5	21	39
5	22	2
5	23	0
5	24	100
5	25	94
5	26	63
5	27	42
5	28	26
5	29	2
5	30	0
5	31	0
5	32	100
X
6	1	100
6	2	100
6	3	100
6	4	96
6	5	75
6	6	54
6	7	45
6	8	2
6	9	0
6	10	100
6	11	93
6	12	63
6	13	51
6	14	2
6	15	0
6	16	100
6	17	100
6	18	85
6	19	66
6	20	47
6	21	39
6	22	2
6	23	0
6	24	100
6	25	94
6	26	63
6	27	42
6	28	26
6	29	2
6	30	0
6	31	0
6	32	100
X
7	1	0
7	2	0
7	3	0
7	4	100
7	5	84
7	6	58
7	7	48
7	8	2
7	9	0
7	10	100
7	11	93
7	12	63
7	13	51
7	14	2
7	15	0
7	16	100
7	17	100
7	18	85
7	19	66
7	20	47
7	21	39
7	22	2
7	23	0
7	24	100
7	25	94
7	26	63
7	27	42
7	28	26
7	29	2
7	30	0
7	31	0
7	32	100
X
8	1	1
8	2	2
8	3	0
8	4	100
8	5	89
8	6	61
8	7	50
8	8	2
8	9	0
8	10	100
8	11	94
8	12	63
8	13	51
8	14	2
8	15	0
8	16	100
8	17	100
8	18	85
8	19	66
8	20	47
8	21	39
8	22	2
8	23	0
8	24	100
8	25	94
8	26	63
8	27	42
8	28	26
8	29	2
8	30	0
8	31	0
8	32	100
X
9	1	42
9	2	2
9	3	0
9	4	100
9	5	90
9	6	62
9	7	50
9	8	2
9	9	0
9	10	100
9	11	94
9	12	63
9	13	51
9	14	2
9	15	0
9	16	100
9	17	100
9	18	85
9	19	66
9	20	47
9	21	38
9	22	2
9	23	0
9	24	100
9	25	93
9	26	63
9	27	42
9	28	26
9	29	2
9	30	0
9	31	0
9	32	100
X
10	1	47
10	2	80
10	3	100
10	4	100
10	5	86
10	6	60
10	7	50
10	8	2
10	9	0
10	10	100
10	11	93
10	12	63
10	13	51
10	14	2
10	15	0
10	16	100
10	17	100
10	18	85
10	19	64
10	20	45
10	21	34
10	22	2
10	23	0
10	24	100
10	25	93
10	26	63
10	27	42
10	28	26
10	29	2
10	30	0
10	31	0
10	32	100
X
11	1	49
11	2	66
11	3	85
11	4	84
11	5	75
11	6	54
11	7	42
11	8	2
11	9	0
11	10	100
11	11	92
11	12	63
11	13	51
11	14	2
11	15	0
11	16	100
11	17	100
11	18	85
11	19	61
11	20	43
11	21	30
11	22	2
11	23	0
11	24	100
11	25	93
11	26	63
11	27	42
11	28	26
11	29	2
11	30	0
11	31	0
11	32	100
X
12	1	40
12	2	48
12	3	58
12	4	59
12	5	54
12	6	44
12	7	35
12	8	1
12	9	0
12	10	100
12	11	91
12	12	62
12	13	51
12	14	2
12	15	0
12	16	100
12	17	100
12	18	84
12	19	58
12	20	42
12	21	26
12	22	1
12	23	0
12	24	100
12	25	92
12	26	62
12	27	42
12	28	26
12	29	2
12	30	0
12	31	0
12	32	100
X
13	1	32
13	2	39
13	3	48
13	4	49
13	5	42
13	6	35
13	7	1
13	8	2
13	9	0
13	10	100
13	11	89
13	12	61
13	13	50
13	14	2
13	15	0
13	16	100
13	17	99
13	18	82
13	19	58
13	20	44
13	21	1
13	22	2
13	23	0
13	24	100
13	25	91
13	26	62
13	27	42
13	28	26
13	29	2
13	30	0
13	31	0
13	32	100
X
14	1	2
14	2	2
14	3	2
14	4	2
14	5	2
14	6	1
14	7	2
14	8	0
14	9	0
14	10	100
14	11	85
14	12	60
14	13	49
14	14	2
14	15	0
14	16	100
14	17	96
14	18	79
14	19	55
14	20	46
14	21	2
14	22	0
14	23	0
14	24	100
14	25	89
14	26	61
14	27	42
14	28	26
14	29	2
14	30	0
14	31	0
14	32	100
X
15	1	0
15	2	0
15	3	0
15	4	0
15	5	0
15	6	0
15	7	0
15	8	0
15	9	100
15	10	100
15	11	80
15	12	57
15	13	47
15	14	2
15	15	0
15	16	100
15	17	94
15	18	75
15	19	53
15	20	43
15	21	2
15	22	0
15	23	100
15	24	100
15	25	87
15	26	60
15	27	41
15	28	26
15	29	2
15	30	0
15	31	0
15	32	0
X
16	1	100
16	2	100
16	3	100
16	4	100
16	5	100
16	6	100
16	7	100
16	8	100
16	9	100
16	10	83
16	11	72
16	12	53
16	13	44
16	14	2
16	15	0
16	16	100
16	17	92
16	18	69
16	19	48
16	20	36
16	21	2
16	22	0
16	23	100
16	24	100
16	25	84
16	26	59
16	27	43
16	28	26
16	29	1
16	30	0
16	31	0
16	32	100
X
17	1	93
17	2	93
17	3	93
17	4	93
17	5	92
17	6	91
17	7	89
17	8	85
17	9	80
17	10	72
17	11	61
17	12	46
17	13	37
17	14	2
17	15	0
17	16	100
17	17	91
17	18	65
17	19	44
17	20	31
17	21	2
17	22	0
17	23	100
17	24	97
17	25	80
17	26	56
17	27	43
17	28	1
17	29	2
17	30	0
17	31	100
17	32	100
X
18	1	63
18	2	63
18	3	63
18	4	63
18	5	63
18	6	62
18	7	61
18	8	60
18	9	57
18	10	53
18	11	46
18	12	38
18	13	32
18	14	1
18	15	0
18	16	100
18	17	90
18	18	61
18	19	44
18	20	26
18	21	1
18	22	0
18	23	100
18	24	92
18	25	75
18	26	53
18	27	44
18	28	2
18	29	0
18	30	0
18	31	100
18	32	100
X
19	1	51
19	2	51
19	3	51
19	4	51
19	5	51
19	6	50
19	7	50
19	8	49
19	9	47
19	10	44
19	11	37
19	12	32
19	13	1
19	14	2
19	15	0
19	16	100
19	17	89
19	18	61
19	19	46
19	20	1
19	21	2
19	22	0
19	23	100
19	24	88
19	25	70
19	26	50
19	27	41
19	28	2
19	29	0
19	30	100
19	31	100
19	32	95
X
20	1	2
20	2	2
20	3	2
20	4	2
20	5	2
20	6	2
20	7	2
20	8	2
20	9	2
20	10	2
20	11	2
20	12	1
20	13	2
20	14	0
20	15	0
20	16	100
20	17	85
20	18	60
20	19	49
20	20	2
20	21	0
20	22	0
20	23	100
20	24	85
20	25	64
20	26	46
20	27	35
20	28	2
20	29	0
20	30	100
20	31	100
20	32	100
X
21	1	0
21	2	0
21	3	0
21	4	0
21	5	0
21	6	0
21	7	0
21	8	0
21	9	0
21	10	0
21	11	0
21	12	0
21	13	0
21	14	0
21	15	100
21	16	100
21	17	80
21	18	57
21	19	47
21	20	2
21	21	0
21	22	100
21	23	100
21	24	81
21	25	59
21	26	44
21	27	31
21	28	1
21	29	0
21	30	0
21	31	100
21	32	100
X
22	1	100
22	2	100
22	3	100
22	4	100
22	5	100
22	6	100
22	7	100
22	8	100
22	9	100
22	10	100
22	11	100
22	12	100
22	13	100
22	14	100
22	15	100
22	16	83
22	17	72
22	18	53
22	19	44
22	20	2
22	21	0
22	22	100
22	23	96
22	24	77
22	25	54
22	26	41
22	27	1
22	28	2
22	29	0
22	30	0
22	31	100
22	32	100
X
23	1	94
23	2	94
23	3	94
23	4	94
23	5	94
23	6	94
23	7	93
23	8	93
23	9	92
23	10	92
23	11	92
23	12	91
23	13	89
23	14	85
23	15	80
23	16	72
23	17	61
23	18	46
23	19	37
23	20	2
23	21	0
23	22	100
23	23	92
23	24	70
23	25	49
23	26	37
23	27	2
23	28	0
23	29	0
23	30	100
23	31	100
23	32	100
X
24	1	76
24	2	76
24	3	76
24	4	76
24	5	76
24	6	76
24	7	75
24	8	74
24	9	69
24	10	65
24	11	62
24	12	62
24	13	61
24	14	60
24	15	57
24	16	53
24	17	46
24	18	38
24	19	32
24	20	1
24	21	0
24	22	100
24	23	90
24	24	65
24	25	45
24	26	31
24	27	2
24	28	0
24	29	100
24	30	100
24	31	100
24	32	100
X
25	1	54
25	2	54
25	3	54
25	4	54
25	5	54
25	6	54
25	7	53
25	8	52
25	9	48
25	10	45
25	11	44
25	12	47
25	13	50
25	14	49
25	15	47
25	16	44
25	17	37
25	18	32
25	19	1
25	20	2
25	21	0
25	22	100
25	23	88
25	24	61
25	25	43
25	26	26
25	27	1
25	28	0
25	29	100
25	30	100
25	31	100
25	32	98
X
26	1	38
26	2	38
26	3	38
26	4	38
26	5	40
26	6	42
26	7	44
26	8	43
26	9	36
26	10	31
26	11	26
26	12	1
26	13	2
26	14	2
26	15	2
26	16	2
26	17	2
26	18	1
26	19	2
26	20	0
26	21	0
26	22	100
26	23	86
26	24	60
26	25	46
26	26	1
26	27	1
26	28	0
26	29	100
26	30	100
26	31	100
26	32	100
X
27	1	26
27	2	26
27	3	26
27	4	26
27	5	26
27	6	1
27	7	1
27	8	2
27	9	2
27	10	2
27	11	1
27	12	2
27	13	0
27	14	0
27	15	0
27	16	0
27	17	0
27	18	0
27	19	0
27	20	0
27	21	100
27	22	100
27	23	85
27	24	61
27	25	52
27	26	1
27	27	1
27	28	0
27	29	0
27	30	100
27	31	100
27	32	100
X
28	1	2
28	2	2
28	3	2
28	4	2
28	5	1
28	6	1
28	7	2
28	8	0
28	9	0
28	10	0
28	11	0
28	12	0
28	13	0
28	14	0
28	15	100
28	16	100
28	17	100
28	18	100
28	19	100
28	20	100
28	21	100
28	22	89
28	23	78
28	24	61
28	25	48
28	26	0
28	27	2
28	28	0
28	29	0
28	30	0
28	31	0
28	32	0
X
29	1	0
29	2	0
29	3	0
29	4	0
29	5	0
29	6	0
29	7	0
29	8	0
29	9	0
29	10	0
29	11	100
29	12	100
29	13	100
29	14	100
29	15	100
29	16	98
29	17	94
29	18	90
29	19	88
29	20	86
29	21	85
29	22	78
29	23	71
29	24	56
29	25	1
29	26	1
29	27	0
29	28	0
29	29	0
29	30	0
29	31	0
29	32	0
X
30	1	0
30	2	0
30	3	0
30	4	0
30	5	0
30	6	100
30	7	100
30	8	100
30	9	100
30	10	100
30	11	100
30	12	96
30	13	93
30	14	89
30	15	85
30	16	80
30	17	76
30	18	69
30	19	64
30	20	60
30	21	61
30	22	61
30	23	56
30	24	1
30	25	1
30	26	0
30	27	0
30	28	0
30	29	0
30	30	2
30	31	1
30	32	1
X
31	1	100
31	2	100
31	3	100
31	4	100
31	5	100
31	6	100
31	7	100
31	8	99
31	9	93
31	10	87
31	11	82
31	12	79
31	13	73
31	14	66
31	15	62
31	16	58
31	17	60
31	18	54
31	19	49
31	20	45
31	21	48
31	22	48
31	23	1
31	24	1
31	25	0
31	26	0
31	27	0
31	28	0
31	29	0
31	30	1
31	31	0
31	32	0
X
32	1	100
32	2	100
32	3	99
32	4	99
32	5	98
32	6	97
32	7	94
32	8	88
32	9	80
32	10	74
32	11	70
32	12	69
32	13	60
32	14	50
32	15	46
32	16	44
32	17	48
32	18	1
32	19	1
32	20	26
32	21	1
32	22	0
32	23	1
32	24	0
32	25	0
32	26	0
32	27	0
32	28	0
32	29	0
32	30	1
32	31	0
32	32	0
X
# File:    /tmp/idemo-215.dmp
# Creator: HODGE-C SunOS/Solaris 1.1 version 0.98j (042) (C) 1993 by Joerg Heitkoetter
# Grid:    32x32
# Colors:  100
1	1	1
1	2	1
1	3	1
1	4	1
1	5	26
1	6	1
1	7	0
1	8	1
1	9	0
1	10	0
1	11	100
1	12	90
1	13	62
1	14	50
1	15	2
1	16	0
1	17	0
1	18	100
1	19	88
1	20	68
1	21	48
1	22	39
1	23	2
1	24	0
1	25	100
1	26	91
1	27	68
1	28	48
1	29	39
1	30	1
1	31	1
1	32	0
X
2	1	50
2	2	50
2	3	49
2	4	44
2	5	41
2	6	35
2	7	32
2	8	1
2	9	2
2	10	0
2	11	100
2	12	90
2	13	62
2	14	50
2	15	2
2	16	0
2	17	0
2	18	100
2	19	88
2	20	70
2	21	50
2	22	41
2	23	2
2	24	0
2	25	100
2	26	91
2	27	68
2	28	48
2	29	39
2	30	1
2	31	1
2	32	0
X
3	1	62
3	2	61
3	3	60
3	4	57
3	5	53
3	6	46
3	7	38
3	8	32
3	9	1
3	10	0
3	11	100
3	12	91
3	13	62
3	14	51
3	15	2
3	16	0
3	17	0
3	18	100
3	19	90
3	20	72
3	21	52
3	22	43
3	23	2
3	24	0
3	25	100
3	26	91
3	27	68
3	28	48
3	29	39
3	30	1
3	31	1
3	32	0
X
4	1	92
4	2	90
4	3	87
4	4	81
4	5	73
4	6	62
4	7	46
4	8	37
4	9	2
4	10	0
4	11	100
4	12	92
4	13	63
4	14	51
4	15	2
4	16	0
4	17	0
4	18	100
4	19	90
4	20	74
4	21	53
4	22	44
4	23	2
4	24	0
4	25	100
4	26	91
4	27	68
4	28	48
4	29	39
4	30	1
4	31	1
4	32	0
X
5	1	100
5	2	100
5	3	100
5	4	100
5	5	86
5	6	73
5	7	53
5	8	44
5	9	2
5	10	0
5	11	100
5	12	93
5	13	63
5	14	51
5	15	2
5	16	0
5	17	0
5	18	100
5	19	91
5	20	75
5	21	54
5	22	45
5	23	2
5	24	0
5	25	100
5	26	91
5	27	68
5	28	48
5	29	39
5	30	1
5	31	1
5	32	0
X
6	1	0
6	2	0
6	3	0
6	4	100
6	5	100
6	6	81
6	7	57
6	8	47
6	9	2
6	10	0
6	11	100
6	12	93
6	13	63
6	14	51
6	15	2
6	16	0
6	17	0
6	18	100
6	19	91
6	20	75
6	21	54
6	22	45
6	23	2
6	24	0
6	25	100
6	26	91
6	27	68
6	28	48
6	29	39
6	30	1
6	31	1
6	32	0
X
7	1	2
7	2	1
7	3	2
7	4	0
7	5	100
7	6	87
7	7	60
7	8	49
7	9	2
7	10	0
7	11	100
7	12	94
7	13	63
7	14	51
7	15	2
7	16	0
7	17	0
7	18	100
7	19	91
7	20	75
7	21	54
7	22	45
7	23	2
7	24	0
7	25	100
7	26	91
7	27	68
7	28	48
7	29	39
7	30	1
7	31	1
7	32	0
X
8	1	40
8	2	36
8	3	1
8	4	0
8	5	100
8	6	90
8	7	62
8	8	50
8	9	2
8	10	0
8	11	100
8	12	94
8	13	63
8	14	51
8	15	2
8	16	0
8	17	0
8	18	100
8	19	91
8	20	75
8	21	54
8	22	45
8	23	2
8	24	0
8	25	100
8	26	91
8	27	68
8	28	48
8	29	39
8	30	1
8	31	1
8	32	0
X
9	1	54
9	2	70
9	3	3
9	4	0
9	5	100
9	6	91
9	7	62
9	8	51
9	9	2
9	10	0
9	11	100
9	12	94
9	13	63
9	14	51
9	15	2
9	16	0
9	17	0
9	18	100
9	19	90
9	20	74
9	21	53
9	22	44
9	23	2
9	24	0
9	25	100
9	26	91
9	27	68
9	28	48
9	29	39
9	30	1
9	31	1
9	32	0
X
10	1	72
10	2	92
10	3	0
10	4	0
10	5	100
10	6	88
10	7	61
10	8	49
10	9	2
10	10	0
10	11	100
10	12	94
10	13	63
10	14	51
10	15	2
10	16	0
10	17	0
10	18	100
10	19	89
10	20	72
10	21	52
10	22	43
10	23	2
10	24	0
10	25	100
10	26	91
10	27	68
10	28	48
10	29	39
10	30	1
10	31	1
10	32	0
X
11	1	76
11	2	96
11	3	100
11	4	100
11	5	100
11	6	80
11	7	57
11	8	47
11	9	2
11	10	0
11	11	100
11	12	93
11	13	63
11	14	51
11	15	2
11	16	0
11	17	0
11	18	100
11	19	88
11	20	69
11	21	50
11	22	40
11	23	2
11	24	0
11	25	100
11	26	90
11	27	68
11	28	48
11	29	39
11	30	1
11	31	1
11	32	0
X
12	1	68
12	2	76
12	3	84
12	4	86
12	5	80
12	6	67
12	7	49
12	8	38
12	9	2
12	10	0
12	11	100
12	12	92
12	13	63
12	14	51
12	15	2
12	16	0
12	17	0
12	18	100
12	19	86
12	20	65
12	21	46
12	22	35
12	23	2
12	24	0
12	25	100
12	26	90
12	27	68
12	28	48
12	29	39
12	30	1
12	31	1
12	32	0
X
13	1	51
13	2	55
13	3	59
13	4	60
13	5	57
13	6	49
13	7	40
13	8	33
13	9	1
13	10	0
13	11	100
13	12	91
13	13	62
13	14	51
13	15	2
13	16	0
13	17	100
13	18	100
13	19	85
13	20	61
13	21	45
13	22	31
13	23	1
13	24	0
13	25	100
13	26	89
13	27	68
13	28	48
13	29	39
13	30	1
13	31	1
13	32	0
X
14	1	43
14	2	45
14	3	48
14	4	49
14	5	46
14	6	38
14	7	33
14	8	1
14	9	2
14	10	0
14	11	100
14	12	89
14	13	61
14	14	50
14	15	2
14	16	0
14	17	100
14	18	100
14	19	84
14	20	58
14	21	45
14	22	1
14	23	2
14	24	0
14	25	100
14	26	88
14	27	67
14	28	48
14	29	39
14	30	1
14	31	1
14	32	0
X
15	1	2
15	2	2
15	3	2
15	4	2
15	5	2
15	6	2
15	7	1
15	8	2
15	9	0
15	10	0
15	11	100
15	12	85
15	13	60
15	14	49
15	15	2
15	16	0
15	17	100
15	18	98
15	19	81
15	20	56
15	21	46
15	22	2
15	23	0
15	24	0
15	25	100
15	26	87
15	27	67
15	28	48
15	29	38
15	30	1
15	31	1
15	32	2
X
16	1	0
16	2	0
16	3	0
16	4	0
16	5	0
16	6	0
16	7	0
16	8	0
16	9	0
16	10	100
16	11	100
16	12	80
16	13	57
16	14	47
16	15	2
16	16	0
16	17	100
16	18	95
16	19	76
16	20	54
16	21	44
16	22	2
16	23	0
16	24	0
16	25	100
16	26	86
16	27	64
16	28	45
16	29	34
16	30	1
16	31	1
16	32	0
X
17	1	100
17	2	100
17	3	100
17	4	100
17	5	100
17	6	100
17	7	100
17	8	100
17	9	100
17	10	100
17	11	83
17	12	72
17	13	53
17	14	44
17	15	2
17	16	0
17	17	100
17	18	92
17	19	72
17	20	51
17	21	41
17	22	2
17	23	0
17	24	100
17	25	100
17	26	84
17	27	61
17	28	45
17	29	31
17	30	1
17	31	0
17	32	0
X
18	1	94
18	2	94
18	3	94
18	4	93
18	5	93
18	6	92
18	7	91
18	8	89
18	9	85
18	10	80
18	11	72
18	12	61
18	13	46
18	14	37
18	15	2
18	16	0
18	17	100
18	18	90
18	19	67
18	20	46
18	21	35
18	22	2
18	23	0
18	24	100
18	25	98
18	26	81
18	27	57
18	28	44
18	29	1
18	30	2
18	31	0
18	32	0
X
19	1	63
19	2	63
19	3	63
19	4	63
19	5	63
19	6	63
19	7	62
19	8	61
19	9	60
19	10	57
19	11	53
19	12	46
19	13	38
19	14	32
19	15	1
19	16	0
19	17	100
19	18	90
19	19	63
19	20	46
19	21	31
19	22	1
19	23	0
19	24	100
19	25	94
19	26	78
19	27	55
19	28	46
19	29	2
19	30	0
19	31	0
19	32	100
X
20	1	51
20	2	51
20	3	51
20	4	51
20	5	51
20	6	51
20	7	50
20	8	50
20	9	49
20	10	47
20	11	44
20	12	37
20	13	32
20	14	1
20	15	2
20	16	0
20	17	100
20	18	88
20	19	61
20	20	46
20	21	1
20	22	2
20	23	0
20	24	100
20	25	90
20	26	73
20	27	53
20	28	43
20	29	2
20	30	0
20	31	0
20	32	0
X
21	1	2
21	2	2
21	3	2
21	4	2
21	5	2
21	6	2
21	7	2
21	8	2
21	9	2
21	10	2
21	11	2
21	12	2
21	13	1
21	14	2
21	15	0
21	16	0
21	17	100
21	18	85
21	19	60
21	20	49
21	21	2
21	22	0
21	23	0
21	24	100
21	25	86
21	26	66
21	27	47
21	28	37
21	29	1
21	30	2
21	31	0
21	32	0
X
22	1	0
22	2	0
22	3	0
22	4	0
22	5	0
22	6	0
22	7	0
22	8	0
22	9	0
22	10	0
22	11	0
22	12	0
22	13	0
22	14	0
22	15	0
22	16	100
22	17	100
22	18	80
22	19	57
22	20	47
22	21	2
22	22	0
22	23	100
22	24	100
22	25	81
22	26	60
22	27	44
22	28	32
22	29	0
22	30	2
22	31	0
22	32	0
X
23	1	100
23	2	100
23	3	100
23	4	100
23	5	100
23	6	100
23	7	100
23	8	100
23	9	100
23	10	100
23	11	100
23	12	100
23	13	100
23	14	100
23	15	100
23	16	100
23	17	83
23	18	72
23	19	53
23	20	44
23	21	2
23	22	0
23	23	100
23	24	95
23	25	77
23	26	54
23	27	41
23	28	1
23	29	1
23	30	0
23	31	0
23	32	0
X
24	1	99
24	2	99
24	3	99
24	4	99
24	5	99
24	6	99
24	7	98
24	8	97
24	9	95
24	10	92
24	11	91
24	12	91
24	13	91
24	14	89
24	15	85
24	16	80
24	17	72
24	18	61
24	19	46
24	20	37
24	21	2
24	22	0
24	23	100
24	24	92
24	25	72
24	26	51
24	27	41
24	28	2
24	29	0
24	30	0
24	31	0
24	32	0
X
25	1	81
25	2	81
25	3	81
25	4	81
25	5	81
25	6	82
25	7	82
25	8	79
25	9	76
25	10	72
25	11	67
25	12	64
25	13	62
25	14	61
25	15	60
25	16	57
25	17	53
25	18	46
25	19	38
25	20	32
25	21	1
25	22	0
25	23	100
25	24	89
25	25	67
25	26	46
25	27	35
25	28	2
25	29	0
25	30	0
25	31	0
25	32	100
X
26	1	64
26	2	64
26	3	64
26	4	64
26	5	62
26	6	60
26	7	57
26	8	56
26	9	54
26	10	51
26	11	47
26	12	46
26	13	46
26	14	50
26	15	49
26	16	47
26	17	44
26	18	37
26	19	32
26	20	1
26	21	2
26	22	0
26	23	100
26	24	89
26	25	64
26	26	44
26	27	30
26	28	2
26	29	0
26	30	0
26	31	0
26	32	0
X
27	1	47
27	2	47
27	3	47
27	4	47
27	5	44
27	6	42
27	7	42
27	8	43
27	9	44
27	10	41
27	11	35
27	12	31
27	13	1
27	14	1
27	15	2
27	16	2
27	17	2
27	18	2
27	19	1
27	20	2
27	21	0
27	22	0
27	23	100
27	24	89
27	25	66
27	26	44
27	27	26
27	28	1
27	29	1
27	30	0
27	31	0
27	32	0
X
28	1	39
28	2	39
28	3	39
28	4	38
28	5	34
28	6	30
28	7	26
28	8	1
28	9	1
28	10	1
28	11	2
28	12	1
28	13	1
28	14	2
28	15	0
28	16	0
28	17	0
28	18	0
28	19	0
28	20	0
28	21	0
28	22	100
28	23	100
28	24	82
28	25	60
28	26	2
28	27	26
28	28	0
28	29	0
28	30	1
28	31	1
28	32	1
X
29	1	1
29	2	1
29	3	1
29	4	1
29	5	1
29	6	2
29	7	1
29	8	1
29	9	1
29	10	2
29	11	0
29	12	0
29	13	0
29	14	0
29	15	0
29	16	100
29	17	100
29	18	100
29	19	100
29	20	100
29	21	100
29	22	100
29	23	86
29	24	66
29	25	49
29	26	35
29	27	0
29	28	0
29	29	0
29	30	0
29	31	1
29	32	1
X
30	1	1
30	2	1
30	3	1
30	4	1
30	5	2
30	6	0
30	7	0
30	8	0
30	9	0
30	10	0
30	11	0
30	12	100
30	13	100
30	14	100
30	15	100
30	16	100
30	17	100
30	18	96
30	19	92
30	20	90
30	21	88
30	22	81
30	23	66
30	24	48
30	25	35
30	26	1
30	27	0
30	28	0
30	29	0
30	30	26
30	31	26
30	32	26
X
31	1	0
31	2	0
31	3	0
31	4	0
31	5	0
31	6	0
31	7	0
31	8	100
31	9	100
31	10	100
31	11	100
31	12	100
31	13	100
31	14	94
31	15	89
31	16	87
31	17	79
31	18	71
31	19	66
31	20	64
31	21	68
31	22	59
31	23	49
31	24	35
31	25	1
31	26	0
31	27	0
31	28	0
31	29	1
31	30	26
31	31	1
31	32	1
X
32	1	0
32	2	0
32	3	100
32	4	100
32	5	100
32	6	100
32	7	100
32	8	100
32	9	100
32	10	100
32	11	99
32	12	95
32	13	89
32	14	82
32	15	76
32	16	75
32	17	64
32	18	54
32	19	47
32	20	47
32	21	52
32	22	2
32	23	35
32	24	1
32	25	0
32	26	0
32	27	0
32	28	0
32	29	1
32	30	26
32	31	1
32	32	0
X
SHAR_EOF
echo 'File hodge-c-0.98j/idl/idemo.dat is complete' &&
chmod 0640 hodge-c-0.98j/idl/idemo.dat ||
echo 'restore of hodge-c-0.98j/idl/idemo.dat failed'
Wc_c="`wc -c < 'hodge-c-0.98j/idl/idemo.dat'`"
test 138118 -eq "$Wc_c" ||
	echo 'hodge-c-0.98j/idl/idemo.dat: original size 138118, current size' "$Wc_c"
rm -f _shar_wnt_.tmp
fi
# ============= hodge-c-0.98j/idl/iload ==============
if test -f 'hodge-c-0.98j/idl/iload' -a X"$1" != X"-c"; then
	echo 'x - skipping hodge-c-0.98j/idl/iload (File already exists)'
	rm -f _shar_wnt_.tmp
else
> _shar_wnt_.tmp
echo 'x - extracting hodge-c-0.98j/idl/iload (Text)'
sed 's/^X//' << 'SHAR_EOF' > 'hodge-c-0.98j/idl/iload' &&
zcat idemo.dat.Z | grep -v '#'
SHAR_EOF
chmod 0750 hodge-c-0.98j/idl/iload ||
echo 'restore of hodge-c-0.98j/idl/iload failed'
Wc_c="`wc -c < 'hodge-c-0.98j/idl/iload'`"
test 31 -eq "$Wc_c" ||
	echo 'hodge-c-0.98j/idl/iload: original size 31, current size' "$Wc_c"
rm -f _shar_wnt_.tmp
fi
# ============= hodge-c-0.98j/khoros/README ==============
if test ! -d 'hodge-c-0.98j/khoros'; then
    echo 'x - creating directory hodge-c-0.98j/khoros'
    mkdir 'hodge-c-0.98j/khoros'
fi
if test -f 'hodge-c-0.98j/khoros/README' -a X"$1" != X"-c"; then
	echo 'x - skipping hodge-c-0.98j/khoros/README (File already exists)'
	rm -f _shar_wnt_.tmp
else
> _shar_wnt_.tmp
echo 'x - extracting hodge-c-0.98j/khoros/README (Text)'
sed 's/^X//' << 'SHAR_EOF' > 'hodge-c-0.98j/khoros/README' &&
KHOROS:
-------
X
1. generate frames for animation
X
X    example % movie
X
2. run Khoros' animate(1)
X
X    example% animate -base bz-
X
3. compile all frames into one sequence
X
X    example% vbandcomb -base bz- -m 2 -c 7 -o bz-waves
X
4. run Khoros' animate(1)
X
X    example% animate -i bz-waves
SHAR_EOF
chmod 0640 hodge-c-0.98j/khoros/README ||
echo 'restore of hodge-c-0.98j/khoros/README failed'
Wc_c="`wc -c < 'hodge-c-0.98j/khoros/README'`"
test 288 -eq "$Wc_c" ||
	echo 'hodge-c-0.98j/khoros/README: original size 288, current size' "$Wc_c"
rm -f _shar_wnt_.tmp
fi
# ============= hodge-c-0.98j/khoros/bz-000.vif ==============
if test -f 'hodge-c-0.98j/khoros/bz-000.vif' -a X"$1" != X"-c"; then
	echo 'x - skipping hodge-c-0.98j/khoros/bz-000.vif (File already exists)'
	rm -f _shar_wnt_.tmp
else
> _shar_wnt_.tmp
echo 'x - extracting hodge-c-0.98j/khoros/bz-000.vif (Binary)'
sed 's/^X//' << 'SHAR_EOF' > _shar_tmp_.tmp &&
begin 600 hodge-c-0.98j/khoros/bz-000.vif
MJP$!`P(```!4:&ES(&ES(&$@8V]N=F5R=&5D(%-U;B!287-T97(@:6UA9V4N
M````````````````````````````````````````````````````````````
M````````````````````````````````````````````````````````````
M````````````````````````````````````````````````````````````
M````````````````````````````````````````````````````````````
M````````````````````````````````````````````````````````````
M````````````````````````````````````````````````````````````
M````````````````````````````````````````````````````````````
M````````````````````````````````````````````````````````````
M````````````````````````````````````````````````````````````
M````````````````````````````````````````````````````````````
M`````````````````````````````````````0````$``````/__________
M/X```#^````````!``````````$````!`````0`````````!`````0````,`
M``$```````````$`````````#P``````````````````````````````````
M````````````````````````````````````````````````````````````
M````````````````````````````````````````````````````````````
M````````````````````````````````````````````````````````````
M````````````````````````````````````````````````````````````
M````````````````````````````````````````````````````````````
M````````````````````````````````````````````````````````````
M````````````````````````````````````````````````````````````
M````````````````````````````````````````````````````````````
M`````````````````````````````````````````````/\`);PVJ.'-1[EL
M6`OO'(X(GSXJU4_!._=QEA"G(3+=5\E#M>[:C7EE&`3\KRF;P*PF7]%+-^)<
M#_.2?J,=0K0N4\7JUOOGFA2&````````````````````````````````````
M````````````````````````````````````````````````````````````
M````````````````````````````````````````````````````````````
M````````````````````````````````````````````````````````````
M``````````````````````````#_````````````````````````````````
M````````````````````````````````````````````````````````````
M````````````````````````````````````````````````````````````
M````````````````````````````````````````````````````````````
M````````````````````````````````````````````````````````````
M````````````````````````````````````````````````````````````
M````````_P``````````````````````````````````````````````````
M````````````````````````````````````````````````````````````
M````````````````````````````````````````````````````````````
M````````````````````````````````````````````````````````````
M````````````````````````````````````````````````````````````
M``````````````````````````````````````````````````$!`3<W`0$!
M`0$!`0$!+@$!`0P?$PH40ADU'Q\!`0$!`4`H$0$W-P$!`0$?`3T,*1L"`3,!
M`0$W%$<P-S<W-S<W-S<W-P$!`0$!`1L911<W-S<W-S<W-Q<01D80%S<W-S<W
M-S<!20P#`0$!`0$!-S<^!@LI`0$W(`L"03]!*Q\?*@([+R4X-S<!`0$!`0$!
M-S<W`3\1.S\*'AX91R8!`0$!,C`=-S<W-S<W-S<!`0$!`0$!`0$!*C(0-P$!
M(CH5-S<!`0$!`2XV'SU)"1P],@DM0#@'02D!`0$W-P$!+@$N-C4O%S<!`0$!
M+A\U/PXW-P$!`0$!`0$!`3<W!$(2*@$!`0$!`0$!`0$!`0$]$Q,>"B@H$@H1
M)4))'A\#`0$!`3=%)R8X-S<!`0$!&!,F.C`<,#(I,P$!-Q4&)#<W-S<W-P$!
M`0$!`0$!'RH*!S<W-P$!`0$!`3<W-P@^-S<W`0$!`0$W-P8R*R$!`0$!`0$W
M-SA'(@$!`3<))QD_"C4"-0HF)0$.(#<!`0$!`0$!`0$!-S<@14(O)@H*&0LI
M`0$!1D@W-S<!`0$!`0$!`0$!`0$!`0$!%CTF+3<!`2(F/C<!`0$!`0$!*D,3
M"3<W1B\!-S<($31#`0$!-S<W`1D!`2M!+P0W`0$!`2XV-2]`-S<!`0$5(`$!
M`0$!-S=&01L!`0$!`0$!`0$!`0$B*#LF$2\4)0<E144E$34?+@$!`3<W0B9)
M0#<W`0$!,Q,Z"#<W-S<X)P(!`0$W-P@W-S<W-P$!`0$!`0$!'P$2$3<W`0$!
M`0$!`0$!`3<W-S<!`0$!`0$!`3<W0@L]/2@>+P$!`3<^%#(]`0$W%T8P+T<[
M21PD2!4W-S<W`0$Z&T$T01P!`0$!-S=`)$(O+S`903HD-S<W-P$!`0$!`0$!
M`0$!`0$A#1,2$QXH%#<W`0$2.T`W`0$!`0$!`0(I+S<!`3<$-S<!+4$I-`$!
M-S<W("4+`0$!-1Q`-S<!`0$!#2(4-S<!`0$2`0$W`0$!`0$W(!D"`0$!`0$!
M`0$!`40I)A0M-S<W-S<W-S<W"`E!-BX!`0$W!#LH1R`W`0$!`1@T!C<!`0$!
M-R0H`@$!`3<W-S<W`0$!`0$!`0$!`0P30C@W`0$!`0$N`0$!`0$!`0$!`0$!
M`2XN`0$!-PXF"T$F(BH!`0$W-PX[$@$!-S<W$$8')44$-S<W-S<W`0$!$PLO
M,!$[0@$!`0$W-Q<!)"04"3\0-S<!`0$!`0$!`0$!`0$!+A8V/1(923HP!@0W
M`0$!'C1&-P$W`24!`0$J`DD!`0$W-S<!`0$K.P$!`3<W.$41)RH!(1Y)#C<W
M`0$!`1\U!S<!`0$!/1$!`0$W)P$!`3<<,@$!`0$!`0$!`0$801PW-S<!`0$!
M`0$!`3<'-`$N`0$W-R0**`8W-P$!`0$3.T`W`0$!`3<W21,!`0$!-S<W`0$!
M`0$!`0$!`0%!)R07-P$!`3-#*2D8,P$!`0$!`0$!#1A!$B<!`3<^$28)-P$=
M`0$!-S=`.S4!`0$!-S<=$!T5-S<W-S<W-P$!`1,9-S<W2`<T*`$!`3<W-R`@
M(#<W-S<!`0$!`0$6'RLK*RLK#4,,-284#CX@(#<W-P$!`2H;)R0=-SI'`0$!
M'QLR1P$!-S<W-P$!`0$!`3<W2#\G-0P!`0$,*$4W-P$!`0$6$@DW`0$!`2XN
M`0$!`0$@`0$W)0H!`0$!`0$!`0$"-1%%-P$!`0$!`0$!`0$W+PL6`0$!-PA)
M$B@X-S<!`0$!$R8$-S<!-P$!-S\T(0$!`0$!`0$!`0$!`0$!`0$""@8(-S<!
M`0T""DDG$BL6`0$!`0$!`0P>.@$!`0$W($<F"3<!`0$!`3<W%R8"`0$!`0$W
M-R`W-S<W-S<W-S<!`0$]00$!-S<W0C4B`0$!-S<W-S<W-S<!`0$!(0T;`AXB
M(B(B(A(2"C\(-S<W-S<W-P$!`2$-0RLU21$3*@$!`0$?,T,!`3<..#<!`0$!
M`3<W#D<B/1L!`0$!#34)+3<W`0$!`30<"`@!1R(!`0$!`3=%+P$!-SA'$@$!
M`0$!`0$!(D%&-S<!`0$6`Q8!`0$!1B(!+@$!`3=%01Y)0#<W`0$!`1@*!P$!
M`2<!`3<',@$A`0$!`0$!`0$!`0$!`0$!1T($-S<!`0$V`@$W("\+*0U$`0$!
M`0$U)C<W`0$!-Q4_/T8W`0$!`0$W-P@_"S8A`0$!`3<W-S<W`0$W-P$!`0$!
M%A8!`0$!-S<O$Q(!`0$!`0$!`0$!`0$!%A@U"A$O!@8&!B4'0B40-P$!`0$!
M`0$!`30J$D$3$AXT&$,!`0$!`0$!`0$W."0W-S<W-S<W/B\U##8J`0$!`18;
M*"4.-S<!`0$B"TDH20$2`0$!`3<W/S(!`3<M)@(W-P$!`0$!`34G'3<!`4D-
M`BD]0S,!`2H-*@$!`3<W1ST")@XW-P$!`0$S`@(Z!A4!`0$W2$(T#"$!`0$!
M-S<!`0$!`0$!`1Q%(#<W`0$!*B(!`3=(,#0I`1\!`0$\'CH(`0$!-S<$0D(Y
M-S<!`0$!-S<W)#H>&!8!`0$!`0$!`0$!1P$!`0%"-#0B$R@!`0$W-Q$;'@$!
M`0$!`0$!`0$!%AA!/P@W-S<W-S<W-S<$%S<W`0$!`0$!`0$8(@DP$0L3,P$!
M`0$!`0$!`0$!-T4&'3<W-S<W!#@<$RHV&`$!`0$N&!L*$1TW-P$!`3TT`DDH
M`0$!`3<W/B82`0$W%T<3-S<W-P$!`0$3)CXW`0$8/4DZ)A(J,P$!`0$!`0$W
M11D,/3L!-S<W`0$!`0TV#0$!`0$!-P@Y.C4-`0$!-S<W-S<!`0$!`1PE-S<W
M`0$!`0$!`0$W($4P&1(!0P$!`0))-S<W-S<=!SH)$#<W`0$!)C<W-R`X,$$8
M(0$!`0$!`0$!`0$!`0I!$3\_/SLH/0$!`3<^)RL6`0$!`0$!`0$!%AA!"2`W
M`0$!`0$!`0$W-S<W+4(J,P$!`0$!/3LW-S<G-18!`0$!`3<!-S<W-S<W-S<W
M-RT&0B5%%"89(@LJ-@$!`2M##!XP0#<!`0$!%@,6`0$!`3<W-S@9$P$!-SY)
M*C<W-S<!`0$N/4<W-P$!(DD.%RT'$D,!`0$!`0$W-T<B0Q,9)!4W-P$!`0$!
M`0$!`0$!`3<W-P$*&P$!`3<W%P@W-P$!`0$G,#<!-S<!`0$!`0$!-S=`1C\'
M*`L!`0$8$S\X"!<./QDU.Q05-S<!`0$!`3<W-PX_-0T!`0$!`0$!`0$!`4DH
M+S<W-S<W#CH+`0$!-R0H-1Y!0302$QLJ#4,31R`W`0$!`0$!`0$!`0$W-S<<
M$RL]03(H$R@P-P$!`34!`0$W-S<W-S<W-S<!`3<W-Q5%+PDD+3X..!1".S(J
M*S,!0Q\8,A`W-P$!`0$!`0$!`3<W-P1&,CT!`3<^22HW-S<W`0$!+@PZ-S<!
M`1,R)3<W-R<J+@$!`0$W-R\*/0$8-!0^-S<!`0$!`18#%@$!`0$!`3<W$1,A
M`0$W-PX.-S<!`0$!-4$!`0$W-P$!`0$!`0$W-S<W"`D+`0$!'PT2*#HF)P(K
M#2@O0#<!`0$!`0$!`3<W$`H;`0$!`44!"`$!`2D+1C<W`0$!`3<(+T$!`3<W
M!C`1'!P1)AE!$AX2)D4W`0$!-$,]/2I$`0$!`0$W/C`H)Q$P.S4T'#<!`0$!
M`0$!-Q5%/T(&.!4W`0$!-S<W`24=-S<W-S<W-S<D&2(;`4,?-@%).#<W`0$!
M`0$!`3<W-S<^$!D3`0$W!#LK-S<W`0$!`2XJ23XW`0$!!B`!`3<1*0,!`0$W
M-P$G&P$!#1)"%S<!`0$!-BH>&PQ$%@$!`0$!-Q02#0$!`3<7+3<W`0$!`2HV
M.P$!-S<W`0$!`0$W-S<W-P$W`0$!`0$!'RL3`A,8-@$U)ATW`0$!`0$!`0$!
M-S='`A8!`0$)2#<!`1\+)3<W`0$!`0$!-P0[,`$!-S<5-S<W-SY(!B\P'`8W
M-P$!"PPU"S4"`2$!`0$!`3=&!S@(+3D*)R8^-P$!`0$!-S<&.A(R20D0+PX!
M`0$W-S<W-P$!`0$!`0$W-R`)"A(T-30B1R4$-S<W-S<W-S<W-S<W-S<F,@$!
M-QTZ-3<W-P$!`0$N&!E(-P$!`0$!`0$W"1X?`0$!-S<4"PP-0RL2,!<W`0$!
M*Q(F/T<*'A,2$@$!`3=%,BD!`0$W-S<W-P$!`0$!+BX!`3<W-P$!`0$W-S<W
M-P$!`0$!`0$!`0$!+@$!`0$A$PLE-P$!*D0;&S8!`0$W+QX?`0$!,@DW`0$;
M"C<W`0$!,@8!`0$W1T$!`3<W-S<W-S<W-R`$'2T@-P$!`1(F+R0O,#0+*BH!
M`0$W+2TW-S<X.PLB.@XW-S<W-S<0)QL!`2A'1QX;`0$!-S<W-P$!`0$!`0$!
M`0$W"$5"+R\)1S\E'2`W-S<W-P$!`0$!`0$!(C4!`3=('`HW-S<!`0$!`PT+
M0C<W-P$!`0$W-S`3'P$!`3<W!CLU-1X>*#\$-P$!`31)-S<@%!PZ!C`)`0$W
M`3(I`0$!`3<W-S<!`0$!`0TV-P$W-S<W-S<W-S<W-S<W`0$!`0$!`0$!`0$!
M`0$!`0T30A<W!@(,(CHB!@$!-R4B*P$!`3()-P$!01PW`0$!)T)).0$!-QQ!
M`0$!`0$!`0$!`3<W-S<W-S<!`30Z.!<5."0G"Q@R%0$!-RT(-P$W/A1'$D$[
M'`E"0B\<)AX>$D<O22@J&`$!`0$W-P$!`0$Z1RDV`0$!-S<W-S<W-S<5%SXW
M-S<W`0$!`0$!`0$!+2H]`0$W.$(<-S<W`0$!+@%#(B9%0#<W-S<W("4G/18!
M`0$W-SD)1S`<.A$'!#<!`0$T"P$!-T@!#C<!2`$!-P8B0P$!`0$W-S<!`0$!
M`0$U(@$!-S<W-S<W-S<W-S<W-S<W-S<W-P$!`0$!`4,!`0$?`34H+RA!"C\!
M`1(!`3<&(BL!`0$R+S<!`0L_-P$!"S\W"`@!`3<),@$!`0$!`0$!`0$!`0$!
M`0$!`0$'/C<W-S<W.4(Z`0$!`3<!-S<!`2\O)P$!`3T2(C(2(AXK#"=(-T9)
M&P$N`0$!-S<!`0$W`1`U`2X!`0$!`0$!`0$W-S<W-P$!`0$!`0$!`0$!`0$!
M`0$!-T@',#<W`0$!`2$8#"(R)DD4#B`5$`D9$@$N`0$!-S<^2`$!$`$!2#XW
M`0$!$RLW`3<0.3<W`0$!`3<)`A8!`0$!`0$!`0$!`0$!23LW-S<W-S<W-S<W
M"!U(2"T^-S<W-S<W-P$!`0$!`0$!`38]$B(!(A$(-P$W`0$W/P(K`0$!,B\W
M`0$+"3<!`1D)-P$!`0$W"0H!`0$!'!X3&P$!`0$!`0$!`2P!'`$!`0$W-RU"
M,#<W-S<D1C<!`3<T*`$!`0$"-`(3'PT!`0PW`3<71B@,+@$!`0$!`0$!`0$W
M+Q(A`0$!`0$!`0$!`0$!`4$!`0$!`2XN+@$!`0$!`0$!`3<^`08!`0$!`40!
M*1X[)@H3-28E)4DB&QL!+@$!`0$W-S<W-S<W-S<W-S<!`0$!%0$W0!TW`0$!
M`3<W.@PN`0$!`0$!`0$!`0$!`309)21('0@W-S<W/CD_.A$)!P=&`00W-S<!
M`0$!*AL?%@$!`0$!+@(_-P$!`0$W("8J'P$!`3(O-P$!"PDW`0$].S<W`0$W
M-Q$T`0$!`0L<&4$!`0(B)@H]-@$!`48!`0$!`3<W10D41@<2*"4W`0$!`0$N
M`2(G'"\*038;`2X!`0$W-Q<1'A8!`0$!`0$!`0$!-PDT`2$!`0$!`0$!`0$!
M`0$!`0$?*P(]/1,202D?`0$!`0$W-PA``0$!`1\!-3(1)24Z(C4G.@HJ##8,
M`2X!`0$!-S<W-S<W-S<W-S<W`0$!`0$!-SX^-S<W-S<W"#`]`P$!`0$!`0$!
M`0$!`0$!`C0H'!1%2`070#A".R(U-1(T)QPD!#<!`0$+`D$T`BD-'P$!`183
M0C<!`0$!-R0+'P,!`0$R+S<!`4$<-P$!,AXO-S<W%0DT`0%$`30_-Q45`0$,
M,D)")D$"`0$!`0$!`0$W-T(+-2@2/1DW-P$!`0$!%BL[!C<W0$DJ`0$N`0$!
M`3<W)0L!+@$!`0$!`0$!`3=%'"DV`0$!(0T3(D$]0P$!`0$!0STG$3\)/QP*
M/3,!`0$!-S<W-P$!+A\!-3(_`0@@+48<$2@B##43$@$N`0$!`3<W-S<W`0$!
M`3<W-S<W`0$!`3<W-S<W-S<W-Q44,A@6+@$!`0$!`0$!`0$!`0$,$Q,H.D)&
M)$8P,CT8#38V#3TR/RTW`0$H`B8O%$=!*0$S`0$8-$8W-S<W-S<E04,#`0$!
M,@DW`0$U)C<W`0$T'CL<'$D2#0$!`0$T"3<!`0$!0`$W-P@P`2$"&#\G1@$!
M-S<_-4,]-3LD-P$!`0$!1"HH%#<W`4`F00$!`2X!`0$W-T@1*0,!`0$!`0$!
M`3<W13`3*RXN(0PU&3H_$0L;`0$!,QY'#C<W-S<W%3H3,P$!`0$!-S<N+@$!
M'B@)'3<W-S<W-Q4122<)1QD!+@$!`0$W-S<W`0$!`0$!`3<W-S<W-P$!`0$!
M`0$!`3<W-R]!&`$N+BX!`0$!`0$!`0$!`2$V&P(T,C(R-1L8`0$N+@$!"T<$
M-P$!$D<W-S<0"4D;#0$!-2<=-S<W-S<W+PM#`2X!`3()-P$!*T%%-P$!`3(;
M-$$P`0$!`0$N/1PW`0$!`0$!`3<!-P(!-!D!`0$!`3<^1Q,V$CHM-S<!`0$!
M`2E!)1<W`0$&$@$!`0$N`0$!`3<7+PLI-C,!`0$!`3<W-PX402H!`0$T.A`(
M-S<<&P$!`4,T)3<W`0$!`3<7&0$N`0$!`3<7'S9#`@L)#C<W`0$!`0$W)44W
M-S<<#"X!`0$W-S<W`0$!`0$!`0$!-S<W`0$!`0$!`0$!`0$!`3<W"0H;#0$!
M+BX!`0$!`0$!`0$!`18V*RL8*S86+BXN`0$N`35)/C<!`1(Z-P$W-R01`BL!
M`2@P-S<!`0$!-SDG&Q@6`0$H/S<!`3,;)A4W`0$!`0$!`0$!1`$!%AX<-S<W
M`0$!`3<W`0$!&T<.-P$!`0$W#A$B/3H^-S<!`0$!`0$321`W-P$!&#88+BXN
M+@$!`0$W-PY"234K,P$!`3<W-Q40!T$,`0$T)D8W-S<W`1<!`18"1R0^`0$!
SHAR_EOF
true || echo 'restore of hodge-c-0.98j/khoros/bz-000.vif failed'
fi
echo 'End of  part 7'
echo 'File hodge-c-0.98j/khoros/bz-000.vif is continued in part 8'
echo 8 > _shar_seq_.tmp
exit 0
exit 0 # Just in case...
