 6.1230317691118863e-17 0 -1
 5.823349263496101e-17 1.8921208737532721e-17 -1
 4.9536367583092156e-17 3.5990277732022579e-17 -1
 3.5990277732022573e-17 4.9536367583092156e-17 -1
 1.8921208737532724e-17 5.823349263496101e-17 -1
 3.7491518045553436e-33 6.1230317691118863e-17 -1
 -1.892120873753273e-17 5.823349263496101e-17 -1
 -3.5990277732022573e-17 4.9536367583092156e-17 -1
 -4.953636758309215e-17 3.5990277732022592e-17 -1
 -5.823349263496101e-17 1.8921208737532727e-17 -1
 -6.1230317691118863e-17 7.4983036091106872e-33 -1
 -5.823349263496101e-17 -1.892120873753274e-17 -1
 -4.9536367583092143e-17 -3.5990277732022598e-17 -1
 -3.5990277732022592e-17 -4.953636758309215e-17 -1
 -1.892120873753273e-17 -5.823349263496101e-17 -1
 -1.1247455413666031e-32 -6.1230317691118863e-17 -1
 1.8921208737532709e-17 -5.8233492634961022e-17 -1
 3.5990277732022616e-17 -4.9536367583092125e-17 -1
 4.953636758309215e-17 -3.5990277732022598e-17 -1
 5.823349263496101e-17 -1.8921208737532733e-17 -1
 6.1230317691118863e-17 -1.4996607218221374e-32 -1
 0 0 0
 0.17364817766693041 0 -0.98480775301220802
 0.16514923091291273 0.053660237941321701 -0.98480775301220802
 0.14048432677478692 0.10206783792008489 -0.98480775301220802
 0.10206783792008488 0.14048432677478692 -0.98480775301220802
 0.053660237941321715 0.16514923091291273 -0.98480775301220802
 1.0632533085030001e-17 0.17364817766693041 -0.98480775301220802
 -0.053660237941321728 0.16514923091291273 -0.98480775301220802
 -0.10206783792008488 0.14048432677478692 -0.98480775301220802
 -0.14048432677478689 0.10206783792008491 -0.98480775301220802
 -0.16514923091291273 0.053660237941321721 -0.98480775301220802
 -0.17364817766693041 2.1265066170060003e-17 -0.98480775301220802
 -0.16514923091291273 -0.053660237941321763 -0.98480775301220802
 -0.14048432677478689 -0.10206783792008493 -0.98480775301220802
 -0.10206783792008491 -0.14048432677478689 -0.98480775301220802
 -0.053660237941321728 -0.16514923091291273 -0.98480775301220802
 -3.1897599255090004e-17 -0.17364817766693041 -0.98480775301220802
 0.053660237941321673 -0.16514923091291275 -0.98480775301220802
 0.10206783792008499 -0.14048432677478684 -0.98480775301220802
 0.14048432677478689 -0.10206783792008493 -0.98480775301220802
 0.16514923091291273 -0.053660237941321742 -0.98480775301220802
 0.17364817766693041 -4.2530132340120006e-17 -0.98480775301220802
 0 0 0
 0.34202014332566882 0 -0.93969262078590832
 0.32528048601407972 0.1056900367061869 -0.93969262078590832
 0.27670010836902131 0.20103439623378608 -0.93969262078590832
 0.20103439623378602 0.27670010836902131 -0.93969262078590832
 0.10569003670618693 0.32528048601407972 -0.93969262078590832
 2.094200203259271e-17 0.34202014332566882 -0.93969262078590832
 -0.10569003670618696 0.32528048601407972 -0.93969262078590832
 -0.20103439623378602 0.27670010836902131 -0.93969262078590832
 -0.27670010836902131 0.20103439623378611 -0.93969262078590832
 -0.32528048601407972 0.10569003670618694 -0.93969262078590832
 -0.34202014332566882 4.188400406518542e-17 -0.93969262078590832
 -0.32528048601407972 -0.10569003670618701 -0.93969262078590832
 -0.27670010836902126 -0.20103439623378616 -0.93969262078590832
 -0.20103439623378611 -0.27670010836902131 -0.93969262078590832
 -0.10569003670618696 -0.32528048601407972 -0.93969262078590832
 -6.2826006097778127e-17 -0.34202014332566882 -0.93969262078590832
 0.10569003670618685 -0.32528048601407972 -0.93969262078590832
 0.20103439623378627 -0.2767001083690212 -0.93969262078590832
 0.27670010836902131 -0.20103439623378616 -0.93969262078590832
 0.32528048601407972 -0.10569003670618698 -0.93969262078590832
 0.34202014332566882 -8.3768008130370841e-17 -0.93969262078590832
 0 0 0
 0.50000000000000011 0 -0.8660254037844386
 0.47552825814757688 0.15450849718747373 -0.8660254037844386
 0.40450849718747384 0.29389262614623662 -0.8660254037844386
 0.29389262614623657 0.40450849718747384 -0.8660254037844386
 0.15450849718747375 0.47552825814757688 -0.8660254037844386
 3.0615158845559438e-17 0.50000000000000011 -0.8660254037844386
 -0.15450849718747381 0.47552825814757688 -0.8660254037844386
 -0.29389262614623657 0.40450849718747384 -0.8660254037844386
 -0.40450849718747378 0.29389262614623668 -0.8660254037844386
 -0.47552825814757688 0.15450849718747378 -0.8660254037844386
 -0.50000000000000011 6.1230317691118875e-17 -0.8660254037844386
 -0.47552825814757688 -0.15450849718747389 -0.8660254037844386
 -0.40450849718747373 -0.29389262614623674 -0.8660254037844386
 -0.29389262614623668 -0.40450849718747378 -0.8660254037844386
 -0.15450849718747381 -0.47552825814757688 -0.8660254037844386
 -9.1845476536678319e-17 -0.50000000000000011 -0.8660254037844386
 0.15450849718747364 -0.47552825814757693 -0.8660254037844386
 0.2938926261462369 -0.40450849718747361 -0.8660254037844386
 0.40450849718747378 -0.29389262614623674 -0.8660254037844386
 0.47552825814757688 -0.15450849718747384 -0.8660254037844386
 0.50000000000000011 -1.2246063538223775e-16 -0.8660254037844386
 0 0 0
 0.64278760968653936 0 -0.76604444311897801
 0.61132734478616901 0.19863229516679121 -0.76604444311897801
 0.52002610001006089 0.3778210773300783 -0.76604444311897801
 0.37782107733007819 0.52002610001006089 -0.76604444311897801
 0.19863229516679126 0.61132734478616901 -0.76604444311897801
 3.9358089549021716e-17 0.64278760968653936 -0.76604444311897801
 -0.19863229516679132 0.61132734478616901 -0.76604444311897801
 -0.37782107733007819 0.52002610001006089 -0.76604444311897801
 -0.52002610001006089 0.37782107733007836 -0.76604444311897801
 -0.61132734478616901 0.19863229516679129 -0.76604444311897801
 -0.64278760968653936 7.8716179098043433e-17 -0.76604444311897801
 -0.61132734478616901 -0.19863229516679143 -0.76604444311897801
 -0.52002610001006078 -0.37782107733007841 -0.76604444311897801
 -0.37782107733007836 -0.52002610001006089 -0.76604444311897801
 -0.19863229516679132 -0.61132734478616901 -0.76604444311897801
 -1.1807426864706515e-16 -0.64278760968653936 -0.76604444311897801
 0.19863229516679112 -0.61132734478616912 -0.76604444311897801
 0.37782107733007864 -0.52002610001006067 -0.76604444311897801
 0.52002610001006089 -0.37782107733007841 -0.76604444311897801
 0.61132734478616901 -0.19863229516679137 -0.76604444311897801
 0.64278760968653936 -1.5743235819608687e-16 -0.76604444311897801
 0 0 0
 0.76604444311897801 0 -0.64278760968653925
 0.72855155939999616 0.23672075137025694 -0.64278760968653925
 0.61974297292974601 0.45026962626593559 -0.64278760968653925
 0.45026962626593547 0.61974297292974601 -0.64278760968653925
 0.23672075137025697 0.72855155939999616 -0.64278760968653925
 4.6905144617691258e-17 0.76604444311897801 -0.64278760968653925
 -0.23672075137025705 0.72855155939999616 -0.64278760968653925
 -0.45026962626593547 0.61974297292974601 -0.64278760968653925
 -0.61974297292974589 0.45026962626593564 -0.64278760968653925
 -0.72855155939999616 0.23672075137025703 -0.64278760968653925
 -0.76604444311897801 9.3810289235382515e-17 -0.64278760968653925
 -0.72855155939999616 -0.23672075137025719 -0.64278760968653925
 -0.61974297292974578 -0.45026962626593575 -0.64278760968653925
 -0.45026962626593564 -0.61974297292974589 -0.64278760968653925
 -0.23672075137025705 -0.72855155939999616 -0.64278760968653925
 -1.4071543385307378e-16 -0.76604444311897801 -0.64278760968653925
 0.2367207513702568 -0.72855155939999616 -0.64278760968653925
 0.45026962626593603 -0.61974297292974567 -0.64278760968653925
 0.61974297292974589 -0.45026962626593575 -0.64278760968653925
 0.72855155939999616 -0.23672075137025711 -0.64278760968653925
 0.76604444311897801 -1.8762057847076503e-16 -0.64278760968653925
 0 0 0
 0.86602540378443871 0 -0.49999999999999994
 0.82363910354633196 0.26761656732981742 -0.49999999999999994
 0.70062926922203683 0.50903696045512725 -0.49999999999999994
 0.50903696045512714 0.70062926922203683 -0.49999999999999994
 0.26761656732981748 0.82363910354633196 -0.49999999999999994
 5.3027010602300673e-17 0.86602540378443871 -0.49999999999999994
 -0.26761656732981759 0.82363910354633196 -0.49999999999999994
 -0.50903696045512714 0.70062926922203683 -0.49999999999999994
 -0.70062926922203672 0.50903696045512736 -0.49999999999999994
 -0.82363910354633196 0.26761656732981753 -0.49999999999999994
 -0.86602540378443871 1.0605402120460135e-16 -0.49999999999999994
 -0.82363910354633196 -0.26761656732981776 -0.49999999999999994
 -0.70062926922203661 -0.50903696045512736 -0.49999999999999994
 -0.50903696045512736 -0.70062926922203672 -0.49999999999999994
 -0.26761656732981759 -0.82363910354633196 -0.49999999999999994
 -1.5908103180690203e-16 -0.86602540378443871 -0.49999999999999994
 0.26761656732981731 -0.82363910354633207 -0.49999999999999994
 0.5090369604551277 -0.7006292692220365 -0.49999999999999994
 0.70062926922203672 -0.50903696045512736 -0.49999999999999994
 0.82363910354633196 -0.26761656732981765 -0.49999999999999994
 0.86602540378443871 -2.1210804240920269e-16 -0.49999999999999994
 0 0 0
 0.93969262078590843 0 -0.34202014332566871
 0.89370079031290883 0.29038098931157863 -0.34202014332566871
 0.76022729970453296 0.55233746418602048 -0.34202014332566871
 0.55233746418602037 0.76022729970453296 -0.34202014332566871
 0.29038098931157869 0.89370079031290883 -0.34202014332566871
 5.7537677702721259e-17 0.93969262078590843 -0.34202014332566871
 -0.2903809893115788 0.89370079031290883 -0.34202014332566871
 -0.55233746418602037 0.76022729970453296 -0.34202014332566871
 -0.76022729970453284 0.55233746418602059 -0.34202014332566871
 -0.89370079031290883 0.29038098931157874 -0.34202014332566871
 -0.93969262078590843 1.1507535540544252e-16 -0.34202014332566871
 -0.89370079031290883 -0.29038098931157896 -0.34202014332566871
 -0.76022729970453273 -0.5523374641860207 -0.34202014332566871
 -0.55233746418602059 -0.76022729970453284 -0.34202014332566871
 -0.2903809893115788 -0.89370079031290883 -0.34202014332566871
 -1.7261303310816377e-16 -0.93969262078590843 -0.34202014332566871
 0.29038098931157846 -0.89370079031290894 -0.34202014332566871
 0.55233746418602103 -0.76022729970453251 -0.34202014332566871
 0.76022729970453284 -0.5523374641860207 -0.34202014332566871
 0.89370079031290883 -0.29038098931157885 -0.34202014332566871
 0.93969262078590843 -2.3015071081088504e-16 -0.34202014332566871
 0 0 0
 0.98480775301220802 0 -0.17364817766693033
 0.93660783080024856 0.30432233187297808 -0.17364817766693033
 0.79672620837908215 0.57885547356386424 -0.17364817766693033
 0.57885547356386413 0.79672620837908215 -0.17364817766693033
 0.30432233187297814 0.93660783080024856 -0.17364817766693033
 6.0300091581614417e-17 0.98480775301220802 -0.17364817766693033
 -0.30432233187297825 0.93660783080024856 -0.17364817766693033
 -0.57885547356386413 0.79672620837908215 -0.17364817766693033
 -0.79672620837908203 0.57885547356386435 -0.17364817766693033
 -0.93660783080024856 0.30432233187297819 -0.17364817766693033
 -0.98480775301220802 1.2060018316322883e-16 -0.17364817766693033
 -0.93660783080024856 -0.30432233187297841 -0.17364817766693033
 -0.79672620837908192 -0.57885547356386446 -0.17364817766693033
 -0.57885547356386435 -0.79672620837908203 -0.17364817766693033
 -0.30432233187297825 -0.93660783080024856 -0.17364817766693033
 -1.8090027474484325e-16 -0.98480775301220802 -0.17364817766693033
 0.30432233187297791 -0.93660783080024868 -0.17364817766693033
 0.5788554735638648 -0.7967262083790817 -0.17364817766693033
 0.79672620837908203 -0.57885547356386446 -0.17364817766693033
 0.93660783080024856 -0.3043223318729783 -0.17364817766693033
 0.98480775301220802 -2.4120036632645767e-16 -0.17364817766693033
 0 0 0
 1 0 0
 0.95105651629515353 0.3090169943749474 0
 0.80901699437494745 0.58778525229247314 0
 0.58778525229247303 0.80901699437494745 0
 0.30901699437494745 0.95105651629515353 0
 6.1230317691118863e-17 1 0
 -0.30901699437494756 0.95105651629515353 0
 -0.58778525229247303 0.80901699437494745 0
 -0.80901699437494734 0.58778525229247325 0
 -0.95105651629515353 0.30901699437494751 0
 -1 1.2246063538223773e-16 0
 -0.95105651629515353 -0.30901699437494773 0
 -0.80901699437494723 -0.58778525229247336 0
 -0.58778525229247325 -0.80901699437494734 0
 -0.30901699437494756 -0.95105651629515353 0
 -1.8369095307335659e-16 -1 0
 0.30901699437494723 -0.95105651629515364 0
 0.58778525229247369 -0.80901699437494701 0
 0.80901699437494734 -0.58778525229247336 0
 0.95105651629515353 -0.30901699437494762 0
 1 -2.4492127076447545e-16 0
 0 0 0
 0.98480775301220802 0 0.17364817766693033
 0.93660783080024856 0.30432233187297808 0.17364817766693033
 0.79672620837908215 0.57885547356386424 0.17364817766693033
 0.57885547356386413 0.79672620837908215 0.17364817766693033
 0.30432233187297814 0.93660783080024856 0.17364817766693033
 6.0300091581614417e-17 0.98480775301220802 0.17364817766693033
 -0.30432233187297825 0.93660783080024856 0.17364817766693033
 -0.57885547356386413 0.79672620837908215 0.17364817766693033
 -0.79672620837908203 0.57885547356386435 0.17364817766693033
 -0.93660783080024856 0.30432233187297819 0.17364817766693033
 -0.98480775301220802 1.2060018316322883e-16 0.17364817766693033
 -0.93660783080024856 -0.30432233187297841 0.17364817766693033
 -0.79672620837908192 -0.57885547356386446 0.17364817766693033
 -0.57885547356386435 -0.79672620837908203 0.17364817766693033
 -0.30432233187297825 -0.93660783080024856 0.17364817766693033
 -1.8090027474484325e-16 -0.98480775301220802 0.17364817766693033
 0.30432233187297791 -0.93660783080024868 0.17364817766693033
 0.5788554735638648 -0.7967262083790817 0.17364817766693033
 0.79672620837908203 -0.57885547356386446 0.17364817766693033
 0.93660783080024856 -0.3043223318729783 0.17364817766693033
 0.98480775301220802 -2.4120036632645767e-16 0.17364817766693033
 0 0 0
 0.93969262078590843 0 0.34202014332566871
 0.89370079031290883 0.29038098931157863 0.34202014332566871
 0.76022729970453296 0.55233746418602048 0.34202014332566871
 0.55233746418602037 0.76022729970453296 0.34202014332566871
 0.29038098931157869 0.89370079031290883 0.34202014332566871
 5.7537677702721259e-17 0.93969262078590843 0.34202014332566871
 -0.2903809893115788 0.89370079031290883 0.34202014332566871
 -0.55233746418602037 0.76022729970453296 0.34202014332566871
 -0.76022729970453284 0.55233746418602059 0.34202014332566871
 -0.89370079031290883 0.29038098931157874 0.34202014332566871
 -0.93969262078590843 1.1507535540544252e-16 0.34202014332566871
 -0.89370079031290883 -0.29038098931157896 0.34202014332566871
 -0.76022729970453273 -0.5523374641860207 0.34202014332566871
 -0.55233746418602059 -0.76022729970453284 0.34202014332566871
 -0.2903809893115788 -0.89370079031290883 0.34202014332566871
 -1.7261303310816377e-16 -0.93969262078590843 0.34202014332566871
 0.29038098931157846 -0.89370079031290894 0.34202014332566871
 0.55233746418602103 -0.76022729970453251 0.34202014332566871
 0.76022729970453284 -0.5523374641860207 0.34202014332566871
 0.89370079031290883 -0.29038098931157885 0.34202014332566871
 0.93969262078590843 -2.3015071081088504e-16 0.34202014332566871
 0 0 0
 0.86602540378443871 0 0.49999999999999994
 0.82363910354633196 0.26761656732981742 0.49999999999999994
 0.70062926922203683 0.50903696045512725 0.49999999999999994
 0.50903696045512714 0.70062926922203683 0.49999999999999994
 0.26761656732981748 0.82363910354633196 0.49999999999999994
 5.3027010602300673e-17 0.86602540378443871 0.49999999999999994
 -0.26761656732981759 0.82363910354633196 0.49999999999999994
 -0.50903696045512714 0.70062926922203683 0.49999999999999994
 -0.70062926922203672 0.50903696045512736 0.49999999999999994
 -0.82363910354633196 0.26761656732981753 0.49999999999999994
 -0.86602540378443871 1.0605402120460135e-16 0.49999999999999994
 -0.82363910354633196 -0.26761656732981776 0.49999999999999994
 -0.70062926922203661 -0.50903696045512736 0.49999999999999994
 -0.50903696045512736 -0.70062926922203672 0.49999999999999994
 -0.26761656732981759 -0.82363910354633196 0.49999999999999994
 -1.5908103180690203e-16 -0.86602540378443871 0.49999999999999994
 0.26761656732981731 -0.82363910354633207 0.49999999999999994
 0.5090369604551277 -0.7006292692220365 0.49999999999999994
 0.70062926922203672 -0.50903696045512736 0.49999999999999994
 0.82363910354633196 -0.26761656732981765 0.49999999999999994
 0.86602540378443871 -2.1210804240920269e-16 0.49999999999999994
 0 0 0
 0.76604444311897801 0 0.64278760968653925
 0.72855155939999616 0.23672075137025694 0.64278760968653925
 0.61974297292974601 0.45026962626593559 0.64278760968653925
 0.45026962626593547 0.61974297292974601 0.64278760968653925
 0.23672075137025697 0.72855155939999616 0.64278760968653925
 4.6905144617691258e-17 0.76604444311897801 0.64278760968653925
 -0.23672075137025705 0.72855155939999616 0.64278760968653925
 -0.45026962626593547 0.61974297292974601 0.64278760968653925
 -0.61974297292974589 0.45026962626593564 0.64278760968653925
 -0.72855155939999616 0.23672075137025703 0.64278760968653925
 -0.76604444311897801 9.3810289235382515e-17 0.64278760968653925
 -0.72855155939999616 -0.23672075137025719 0.64278760968653925
 -0.61974297292974578 -0.45026962626593575 0.64278760968653925
 -0.45026962626593564 -0.61974297292974589 0.64278760968653925
 -0.23672075137025705 -0.72855155939999616 0.64278760968653925
 -1.4071543385307378e-16 -0.76604444311897801 0.64278760968653925
 0.2367207513702568 -0.72855155939999616 0.64278760968653925
 0.45026962626593603 -0.61974297292974567 0.64278760968653925
 0.61974297292974589 -0.45026962626593575 0.64278760968653925
 0.72855155939999616 -0.23672075137025711 0.64278760968653925
 0.76604444311897801 -1.8762057847076503e-16 0.64278760968653925
 0 0 0
 0.64278760968653936 0 0.76604444311897801
 0.61132734478616901 0.19863229516679121 0.76604444311897801
 0.52002610001006089 0.3778210773300783 0.76604444311897801
 0.37782107733007819 0.52002610001006089 0.76604444311897801
 0.19863229516679126 0.61132734478616901 0.76604444311897801
 3.9358089549021716e-17 0.64278760968653936 0.76604444311897801
 -0.19863229516679132 0.61132734478616901 0.76604444311897801
 -0.37782107733007819 0.52002610001006089 0.76604444311897801
 -0.52002610001006089 0.37782107733007836 0.76604444311897801
 -0.61132734478616901 0.19863229516679129 0.76604444311897801
 -0.64278760968653936 7.8716179098043433e-17 0.76604444311897801
 -0.61132734478616901 -0.19863229516679143 0.76604444311897801
 -0.52002610001006078 -0.37782107733007841 0.76604444311897801
 -0.37782107733007836 -0.52002610001006089 0.76604444311897801
 -0.19863229516679132 -0.61132734478616901 0.76604444311897801
 -1.1807426864706515e-16 -0.64278760968653936 0.76604444311897801
 0.19863229516679112 -0.61132734478616912 0.76604444311897801
 0.37782107733007864 -0.52002610001006067 0.76604444311897801
 0.52002610001006089 -0.37782107733007841 0.76604444311897801
 0.61132734478616901 -0.19863229516679137 0.76604444311897801
 0.64278760968653936 -1.5743235819608687e-16 0.76604444311897801
 0 0 0
 0.50000000000000011 0 0.8660254037844386
 0.47552825814757688 0.15450849718747373 0.8660254037844386
 0.40450849718747384 0.29389262614623662 0.8660254037844386
 0.29389262614623657 0.40450849718747384 0.8660254037844386
 0.15450849718747375 0.47552825814757688 0.8660254037844386
 3.0615158845559438e-17 0.50000000000000011 0.8660254037844386
 -0.15450849718747381 0.47552825814757688 0.8660254037844386
 -0.29389262614623657 0.40450849718747384 0.8660254037844386
 -0.40450849718747378 0.29389262614623668 0.8660254037844386
 -0.47552825814757688 0.15450849718747378 0.8660254037844386
 -0.50000000000000011 6.1230317691118875e-17 0.8660254037844386
 -0.47552825814757688 -0.15450849718747389 0.8660254037844386
 -0.40450849718747373 -0.29389262614623674 0.8660254037844386
 -0.29389262614623668 -0.40450849718747378 0.8660254037844386
 -0.15450849718747381 -0.47552825814757688 0.8660254037844386
 -9.1845476536678319e-17 -0.50000000000000011 0.8660254037844386
 0.15450849718747364 -0.47552825814757693 0.8660254037844386
 0.2938926261462369 -0.40450849718747361 0.8660254037844386
 0.40450849718747378 -0.29389262614623674 0.8660254037844386
 0.47552825814757688 -0.15450849718747384 0.8660254037844386
 0.50000000000000011 -1.2246063538223775e-16 0.8660254037844386
 0 0 0
 0.34202014332566882 0 0.93969262078590832
 0.32528048601407972 0.1056900367061869 0.93969262078590832
 0.27670010836902131 0.20103439623378608 0.93969262078590832
 0.20103439623378602 0.27670010836902131 0.93969262078590832
 0.10569003670618693 0.32528048601407972 0.93969262078590832
 2.094200203259271e-17 0.34202014332566882 0.93969262078590832
 -0.10569003670618696 0.32528048601407972 0.93969262078590832
 -0.20103439623378602 0.27670010836902131 0.93969262078590832
 -0.27670010836902131 0.20103439623378611 0.93969262078590832
 -0.32528048601407972 0.10569003670618694 0.93969262078590832
 -0.34202014332566882 4.188400406518542e-17 0.93969262078590832
 -0.32528048601407972 -0.10569003670618701 0.93969262078590832
 -0.27670010836902126 -0.20103439623378616 0.93969262078590832
 -0.20103439623378611 -0.27670010836902131 0.93969262078590832
 -0.10569003670618696 -0.32528048601407972 0.93969262078590832
 -6.2826006097778127e-17 -0.34202014332566882 0.93969262078590832
 0.10569003670618685 -0.32528048601407972 0.93969262078590832
 0.20103439623378627 -0.2767001083690212 0.93969262078590832
 0.27670010836902131 -0.20103439623378616 0.93969262078590832
 0.32528048601407972 -0.10569003670618698 0.93969262078590832
 0.34202014332566882 -8.3768008130370841e-17 0.93969262078590832
 0 0 0
 0.17364817766693041 0 0.98480775301220802
 0.16514923091291273 0.053660237941321701 0.98480775301220802
 0.14048432677478692 0.10206783792008489 0.98480775301220802
 0.10206783792008488 0.14048432677478692 0.98480775301220802
 0.053660237941321715 0.16514923091291273 0.98480775301220802
 1.0632533085030001e-17 0.17364817766693041 0.98480775301220802
 -0.053660237941321728 0.16514923091291273 0.98480775301220802
 -0.10206783792008488 0.14048432677478692 0.98480775301220802
 -0.14048432677478689 0.10206783792008491 0.98480775301220802
 -0.16514923091291273 0.053660237941321721 0.98480775301220802
 -0.17364817766693041 2.1265066170060003e-17 0.98480775301220802
 -0.16514923091291273 -0.053660237941321763 0.98480775301220802
 -0.14048432677478689 -0.10206783792008493 0.98480775301220802
 -0.10206783792008491 -0.14048432677478689 0.98480775301220802
 -0.053660237941321728 -0.16514923091291273 0.98480775301220802
 -3.1897599255090004e-17 -0.17364817766693041 0.98480775301220802
 0.053660237941321673 -0.16514923091291275 0.98480775301220802
 0.10206783792008499 -0.14048432677478684 0.98480775301220802
 0.14048432677478689 -0.10206783792008493 0.98480775301220802
 0.16514923091291273 -0.053660237941321742 0.98480775301220802
 0.17364817766693041 -4.2530132340120006e-17 0.98480775301220802
 0 0 0
 6.1230317691118863e-17 0 1
 5.823349263496101e-17 1.8921208737532721e-17 1
 4.9536367583092156e-17 3.5990277732022579e-17 1
 3.5990277732022573e-17 4.9536367583092156e-17 1
 1.8921208737532724e-17 5.823349263496101e-17 1
 3.7491518045553436e-33 6.1230317691118863e-17 1
 -1.892120873753273e-17 5.823349263496101e-17 1
 -3.5990277732022573e-17 4.9536367583092156e-17 1
 -4.953636758309215e-17 3.5990277732022592e-17 1
 -5.823349263496101e-17 1.8921208737532727e-17 1
 -6.1230317691118863e-17 7.4983036091106872e-33 1
 -5.823349263496101e-17 -1.892120873753274e-17 1
 -4.9536367583092143e-17 -3.5990277732022598e-17 1
 -3.5990277732022592e-17 -4.953636758309215e-17 1
 -1.892120873753273e-17 -5.823349263496101e-17 1
 -1.1247455413666031e-32 -6.1230317691118863e-17 1
 1.8921208737532709e-17 -5.8233492634961022e-17 1
 3.5990277732022616e-17 -4.9536367583092125e-17 1
 4.953636758309215e-17 -3.5990277732022598e-17 1
 5.823349263496101e-17 -1.8921208737532733e-17 1
 6.1230317691118863e-17 -1.4996607218221374e-32 1
 0 0 0
 6.1230317691118863e-17 -1 0
 5.823349263496101e-17 -0.95105651629515353 0.3090169943749474
 4.9536367583092156e-17 -0.80901699437494745 0.58778525229247314
 3.5990277732022573e-17 -0.58778525229247303 0.80901699437494745
 1.8921208737532724e-17 -0.30901699437494745 0.95105651629515353
 3.7491518045553436e-33 -6.1230317691118863e-17 1
 -1.892120873753273e-17 0.30901699437494756 0.95105651629515353
 -3.5990277732022573e-17 0.58778525229247303 0.80901699437494745
 -4.953636758309215e-17 0.80901699437494734 0.58778525229247325
 -5.823349263496101e-17 0.95105651629515353 0.30901699437494751
 -6.1230317691118863e-17 1 1.2246063538223773e-16
 -5.823349263496101e-17 0.95105651629515353 -0.30901699437494773
 -4.9536367583092143e-17 0.80901699437494723 -0.58778525229247336
 -3.5990277732022592e-17 0.58778525229247325 -0.80901699437494734
 -1.892120873753273e-17 0.30901699437494756 -0.95105651629515353
 -1.1247455413666031e-32 1.8369095307335659e-16 -1
 1.8921208737532709e-17 -0.30901699437494723 -0.95105651629515364
 3.5990277732022616e-17 -0.58778525229247369 -0.80901699437494701
 4.953636758309215e-17 -0.80901699437494734 -0.58778525229247336
 5.823349263496101e-17 -0.95105651629515353 -0.30901699437494762
 6.1230317691118863e-17 -1 -2.4492127076447545e-16
 0 0 0
 0.17364817766693041 -0.98480775301220802 0
 0.16514923091291273 -0.93660783080024856 0.3090169943749474
 0.14048432677478692 -0.79672620837908215 0.58778525229247314
 0.10206783792008488 -0.57885547356386413 0.80901699437494745
 0.053660237941321715 -0.30432233187297814 0.95105651629515353
 1.0632533085030001e-17 -6.0300091581614417e-17 1
 -0.053660237941321728 0.30432233187297825 0.95105651629515353
 -0.10206783792008488 0.57885547356386413 0.80901699437494745
 -0.14048432677478689 0.79672620837908203 0.58778525229247325
 -0.16514923091291273 0.93660783080024856 0.30901699437494751
 -0.17364817766693041 0.98480775301220802 1.2246063538223773e-16
 -0.16514923091291273 0.93660783080024856 -0.30901699437494773
 -0.14048432677478689 0.79672620837908192 -0.58778525229247336
 -0.10206783792008491 0.57885547356386435 -0.80901699437494734
 -0.053660237941321728 0.30432233187297825 -0.95105651629515353
 -3.1897599255090004e-17 1.8090027474484325e-16 -1
 0.053660237941321673 -0.30432233187297791 -0.95105651629515364
 0.10206783792008499 -0.5788554735638648 -0.80901699437494701
 0.14048432677478689 -0.79672620837908203 -0.58778525229247336
 0.16514923091291273 -0.93660783080024856 -0.30901699437494762
 0.17364817766693041 -0.98480775301220802 -2.4492127076447545e-16
 0 0 0
 0.34202014332566882 -0.93969262078590832 0
 0.32528048601407972 -0.89370079031290872 0.3090169943749474
 0.27670010836902131 -0.76022729970453284 0.58778525229247314
 0.20103439623378602 -0.55233746418602025 0.80901699437494745
 0.10569003670618693 -0.29038098931157869 0.95105651629515353
 2.094200203259271e-17 -5.7537677702721247e-17 1
 -0.10569003670618696 0.29038098931157874 0.95105651629515353
 -0.20103439623378602 0.55233746418602025 0.80901699437494745
 -0.27670010836902131 0.76022729970453273 0.58778525229247325
 -0.32528048601407972 0.89370079031290872 0.30901699437494751
 -0.34202014332566882 0.93969262078590832 1.2246063538223773e-16
 -0.32528048601407972 0.89370079031290872 -0.30901699437494773
 -0.27670010836902126 0.76022729970453262 -0.58778525229247336
 -0.20103439623378611 0.55233746418602048 -0.80901699437494734
 -0.10569003670618696 0.29038098931157874 -0.95105651629515353
 -6.2826006097778127e-17 1.7261303310816374e-16 -1
 0.10569003670618685 -0.29038098931157846 -0.95105651629515364
 0.20103439623378627 -0.55233746418602092 -0.80901699437494701
 0.27670010836902131 -0.76022729970453273 -0.58778525229247336
 0.32528048601407972 -0.89370079031290872 -0.30901699437494762
 0.34202014332566882 -0.93969262078590832 -2.4492127076447545e-16
 0 0 0
 0.50000000000000011 -0.8660254037844386 0
 0.47552825814757688 -0.82363910354633185 0.3090169943749474
 0.40450849718747384 -0.70062926922203672 0.58778525229247314
 0.29389262614623657 -0.50903696045512703 0.80901699437494745
 0.15450849718747375 -0.26761656732981748 0.95105651629515353
 3.0615158845559438e-17 -5.3027010602300667e-17 1
 -0.15450849718747381 0.26761656732981753 0.95105651629515353
 -0.29389262614623657 0.50903696045512703 0.80901699437494745
 -0.40450849718747378 0.70062926922203661 0.58778525229247325
 -0.47552825814757688 0.82363910354633185 0.30901699437494751
 -0.50000000000000011 0.8660254037844386 1.2246063538223773e-16
 -0.47552825814757688 0.82363910354633185 -0.30901699437494773
 -0.40450849718747373 0.70062926922203661 -0.58778525229247336
 -0.29389262614623668 0.50903696045512725 -0.80901699437494734
 -0.15450849718747381 0.26761656732981753 -0.95105651629515353
 -9.1845476536678319e-17 1.59081031806902e-16 -1
 0.15450849718747364 -0.26761656732981726 -0.95105651629515364
 0.2938926261462369 -0.5090369604551277 -0.80901699437494701
 0.40450849718747378 -0.70062926922203661 -0.58778525229247336
 0.47552825814757688 -0.82363910354633185 -0.30901699437494762
 0.50000000000000011 -0.8660254037844386 -2.4492127076447545e-16
 0 0 0
 0.64278760968653936 -0.76604444311897801 0
 0.61132734478616901 -0.72855155939999616 0.3090169943749474
 0.52002610001006089 -0.61974297292974601 0.58778525229247314
 0.37782107733007819 -0.45026962626593547 0.80901699437494745
 0.19863229516679126 -0.23672075137025697 0.95105651629515353
 3.9358089549021716e-17 -4.6905144617691258e-17 1
 -0.19863229516679132 0.23672075137025705 0.95105651629515353
 -0.37782107733007819 0.45026962626593547 0.80901699437494745
 -0.52002610001006089 0.61974297292974589 0.58778525229247325
 -0.61132734478616901 0.72855155939999616 0.30901699437494751
 -0.64278760968653936 0.76604444311897801 1.2246063538223773e-16
 -0.61132734478616901 0.72855155939999616 -0.30901699437494773
 -0.52002610001006078 0.61974297292974578 -0.58778525229247336
 -0.37782107733007836 0.45026962626593564 -0.80901699437494734
 -0.19863229516679132 0.23672075137025705 -0.95105651629515353
 -1.1807426864706515e-16 1.4071543385307378e-16 -1
 0.19863229516679112 -0.2367207513702568 -0.95105651629515364
 0.37782107733007864 -0.45026962626593603 -0.80901699437494701
 0.52002610001006089 -0.61974297292974589 -0.58778525229247336
 0.61132734478616901 -0.72855155939999616 -0.30901699437494762
 0.64278760968653936 -0.76604444311897801 -2.4492127076447545e-16
 0 0 0
 0.76604444311897801 -0.64278760968653925 0
 0.72855155939999616 -0.6113273447861689 0.3090169943749474
 0.61974297292974601 -0.52002610001006089 0.58778525229247314
 0.45026962626593547 -0.37782107733007814 0.80901699437494745
 0.23672075137025697 -0.19863229516679121 0.95105651629515353
 4.6905144617691258e-17 -3.935808954902171e-17 1
 -0.23672075137025705 0.19863229516679129 0.95105651629515353
 -0.45026962626593547 0.37782107733007814 0.80901699437494745
 -0.61974297292974589 0.52002610001006078 0.58778525229247325
 -0.72855155939999616 0.6113273447861689 0.30901699437494751
 -0.76604444311897801 0.64278760968653925 1.2246063538223773e-16
 -0.72855155939999616 0.6113273447861689 -0.30901699437494773
 -0.61974297292974578 0.52002610001006067 -0.58778525229247336
 -0.45026962626593564 0.3778210773300783 -0.80901699437494734
 -0.23672075137025705 0.19863229516679129 -0.95105651629515353
 -1.4071543385307378e-16 1.1807426864706512e-16 -1
 0.2367207513702568 -0.19863229516679107 -0.95105651629515364
 0.45026962626593603 -0.37782107733007858 -0.80901699437494701
 0.61974297292974589 -0.52002610001006078 -0.58778525229247336
 0.72855155939999616 -0.6113273447861689 -0.30901699437494762
 0.76604444311897801 -0.64278760968653925 -2.4492127076447545e-16
 0 0 0
 0.86602540378443871 -0.49999999999999994 0
 0.82363910354633196 -0.47552825814757671 0.3090169943749474
 0.70062926922203683 -0.40450849718747367 0.58778525229247314
 0.50903696045512714 -0.29389262614623646 0.80901699437494745
 0.26761656732981748 -0.1545084971874737 0.95105651629515353
 5.3027010602300673e-17 -3.0615158845559425e-17 1
 -0.26761656732981759 0.15450849718747375 0.95105651629515353
 -0.50903696045512714 0.29389262614623646 0.80901699437494745
 -0.70062926922203672 0.40450849718747361 0.58778525229247325
 -0.82363910354633196 0.47552825814757671 0.30901699437494751
 -0.86602540378443871 0.49999999999999994 1.2246063538223773e-16
 -0.82363910354633196 0.47552825814757671 -0.30901699437494773
 -0.70062926922203661 0.40450849718747356 -0.58778525229247336
 -0.50903696045512736 0.29389262614623657 -0.80901699437494734
 -0.26761656732981759 0.15450849718747375 -0.95105651629515353
 -1.5908103180690203e-16 9.1845476536678282e-17 -1
 0.26761656732981731 -0.15450849718747359 -0.95105651629515364
 0.5090369604551277 -0.29389262614623679 -0.80901699437494701
 0.70062926922203672 -0.40450849718747361 -0.58778525229247336
 0.82363910354633196 -0.47552825814757671 -0.30901699437494762
 0.86602540378443871 -0.49999999999999994 -2.4492127076447545e-16
 0 0 0
 0.93969262078590843 -0.34202014332566871 0
 0.89370079031290883 -0.32528048601407961 0.3090169943749474
 0.76022729970453296 -0.27670010836902126 0.58778525229247314
 0.55233746418602037 -0.20103439623378597 0.80901699437494745
 0.29038098931157869 -0.10569003670618689 0.95105651629515353
 5.7537677702721259e-17 -2.0942002032592701e-17 1
 -0.2903809893115788 0.10569003670618693 0.95105651629515353
 -0.55233746418602037 0.20103439623378597 0.80901699437494745
 -0.76022729970453284 0.2767001083690212 0.58778525229247325
 -0.89370079031290883 0.32528048601407961 0.30901699437494751
 -0.93969262078590843 0.34202014332566871 1.2246063538223773e-16
 -0.89370079031290883 0.32528048601407961 -0.30901699437494773
 -0.76022729970453273 0.27670010836902115 -0.58778525229247336
 -0.55233746418602059 0.20103439623378605 -0.80901699437494734
 -0.2903809893115788 0.10569003670618693 -0.95105651629515353
 -1.7261303310816377e-16 6.2826006097778103e-17 -1
 0.29038098931157846 -0.10569003670618682 -0.95105651629515364
 0.55233746418602103 -0.20103439623378619 -0.80901699437494701
 0.76022729970453284 -0.2767001083690212 -0.58778525229247336
 0.89370079031290883 -0.32528048601407961 -0.30901699437494762
 0.93969262078590843 -0.34202014332566871 -2.4492127076447545e-16
 0 0 0
 0.98480775301220802 -0.17364817766693033 0
 0.93660783080024856 -0.16514923091291264 0.3090169943749474
 0.79672620837908215 -0.14048432677478684 0.58778525229247314
 0.57885547356386413 -0.10206783792008482 0.80901699437494745
 0.30432233187297814 -0.053660237941321687 0.95105651629515353
 6.0300091581614417e-17 -1.0632533085029995e-17 1
 -0.30432233187297825 0.053660237941321708 0.95105651629515353
 -0.57885547356386413 0.10206783792008482 0.80901699437494745
 -0.79672620837908203 0.14048432677478684 0.58778525229247325
 -0.93660783080024856 0.16514923091291264 0.30901699437494751
 -0.98480775301220802 0.17364817766693033 1.2246063538223773e-16
 -0.93660783080024856 0.16514923091291264 -0.30901699437494773
 -0.79672620837908192 0.14048432677478681 -0.58778525229247336
 -0.57885547356386435 0.10206783792008486 -0.80901699437494734
 -0.30432233187297825 0.053660237941321708 -0.95105651629515353
 -1.8090027474484325e-16 3.1897599255089986e-17 -1
 0.30432233187297791 -0.053660237941321645 -0.95105651629515364
 0.5788554735638648 -0.10206783792008495 -0.80901699437494701
 0.79672620837908203 -0.14048432677478684 -0.58778525229247336
 0.93660783080024856 -0.16514923091291264 -0.30901699437494762
 0.98480775301220802 -0.17364817766693033 -2.4492127076447545e-16
 0 0 0
 1 0 0
 0.95105651629515353 0 0.3090169943749474
 0.80901699437494745 0 0.58778525229247314
 0.58778525229247303 0 0.80901699437494745
 0.30901699437494745 0 0.95105651629515353
 6.1230317691118863e-17 0 1
 -0.30901699437494756 0 0.95105651629515353
 -0.58778525229247303 0 0.80901699437494745
 -0.80901699437494734 0 0.58778525229247325
 -0.95105651629515353 0 0.30901699437494751
 -1 0 1.2246063538223773e-16
 -0.95105651629515353 0 -0.30901699437494773
 -0.80901699437494723 0 -0.58778525229247336
 -0.58778525229247325 0 -0.80901699437494734
 -0.30901699437494756 0 -0.95105651629515353
 -1.8369095307335659e-16 0 -1
 0.30901699437494723 0 -0.95105651629515364
 0.58778525229247369 0 -0.80901699437494701
 0.80901699437494734 0 -0.58778525229247336
 0.95105651629515353 0 -0.30901699437494762
 1 0 -2.4492127076447545e-16
 0 0 0
 0.98480775301220802 0.17364817766693033 0
 0.93660783080024856 0.16514923091291264 0.3090169943749474
 0.79672620837908215 0.14048432677478684 0.58778525229247314
 0.57885547356386413 0.10206783792008482 0.80901699437494745
 0.30432233187297814 0.053660237941321687 0.95105651629515353
 6.0300091581614417e-17 1.0632533085029995e-17 1
 -0.30432233187297825 -0.053660237941321708 0.95105651629515353
 -0.57885547356386413 -0.10206783792008482 0.80901699437494745
 -0.79672620837908203 -0.14048432677478684 0.58778525229247325
 -0.93660783080024856 -0.16514923091291264 0.30901699437494751
 -0.98480775301220802 -0.17364817766693033 1.2246063538223773e-16
 -0.93660783080024856 -0.16514923091291264 -0.30901699437494773
 -0.79672620837908192 -0.14048432677478681 -0.58778525229247336
 -0.57885547356386435 -0.10206783792008486 -0.80901699437494734
 -0.30432233187297825 -0.053660237941321708 -0.95105651629515353
 -1.8090027474484325e-16 -3.1897599255089986e-17 -1
 0.30432233187297791 0.053660237941321645 -0.95105651629515364
 0.5788554735638648 0.10206783792008495 -0.80901699437494701
 0.79672620837908203 0.14048432677478684 -0.58778525229247336
 0.93660783080024856 0.16514923091291264 -0.30901699437494762
 0.98480775301220802 0.17364817766693033 -2.4492127076447545e-16
 0 0 0
 0.93969262078590843 0.34202014332566871 0
 0.89370079031290883 0.32528048601407961 0.3090169943749474
 0.76022729970453296 0.27670010836902126 0.58778525229247314
 0.55233746418602037 0.20103439623378597 0.80901699437494745
 0.29038098931157869 0.10569003670618689 0.95105651629515353
 5.7537677702721259e-17 2.0942002032592701e-17 1
 -0.2903809893115788 -0.10569003670618693 0.95105651629515353
 -0.55233746418602037 -0.20103439623378597 0.80901699437494745
 -0.76022729970453284 -0.2767001083690212 0.58778525229247325
 -0.89370079031290883 -0.32528048601407961 0.30901699437494751
 -0.93969262078590843 -0.34202014332566871 1.2246063538223773e-16
 -0.89370079031290883 -0.32528048601407961 -0.30901699437494773
 -0.76022729970453273 -0.27670010836902115 -0.58778525229247336
 -0.55233746418602059 -0.20103439623378605 -0.80901699437494734
 -0.2903809893115788 -0.10569003670618693 -0.95105651629515353
 -1.7261303310816377e-16 -6.2826006097778103e-17 -1
 0.29038098931157846 0.10569003670618682 -0.95105651629515364
 0.55233746418602103 0.20103439623378619 -0.80901699437494701
 0.76022729970453284 0.2767001083690212 -0.58778525229247336
 0.89370079031290883 0.32528048601407961 -0.30901699437494762
 0.93969262078590843 0.34202014332566871 -2.4492127076447545e-16
 0 0 0
 0.86602540378443871 0.49999999999999994 0
 0.82363910354633196 0.47552825814757671 0.3090169943749474
 0.70062926922203683 0.40450849718747367 0.58778525229247314
 0.50903696045512714 0.29389262614623646 0.80901699437494745
 0.26761656732981748 0.1545084971874737 0.95105651629515353
 5.3027010602300673e-17 3.0615158845559425e-17 1
 -0.26761656732981759 -0.15450849718747375 0.95105651629515353
 -0.50903696045512714 -0.29389262614623646 0.80901699437494745
 -0.70062926922203672 -0.40450849718747361 0.58778525229247325
 -0.82363910354633196 -0.47552825814757671 0.30901699437494751
 -0.86602540378443871 -0.49999999999999994 1.2246063538223773e-16
 -0.82363910354633196 -0.47552825814757671 -0.30901699437494773
 -0.70062926922203661 -0.40450849718747356 -0.58778525229247336
 -0.50903696045512736 -0.29389262614623657 -0.80901699437494734
 -0.26761656732981759 -0.15450849718747375 -0.95105651629515353
 -1.5908103180690203e-16 -9.1845476536678282e-17 -1
 0.26761656732981731 0.15450849718747359 -0.95105651629515364
 0.5090369604551277 0.29389262614623679 -0.80901699437494701
 0.70062926922203672 0.40450849718747361 -0.58778525229247336
 0.82363910354633196 0.47552825814757671 -0.30901699437494762
 0.86602540378443871 0.49999999999999994 -2.4492127076447545e-16
 0 0 0
 0.76604444311897801 0.64278760968653925 0
 0.72855155939999616 0.6113273447861689 0.3090169943749474
 0.61974297292974601 0.52002610001006089 0.58778525229247314
 0.45026962626593547 0.37782107733007814 0.80901699437494745
 0.23672075137025697 0.19863229516679121 0.95105651629515353
 4.6905144617691258e-17 3.935808954902171e-17 1
 -0.23672075137025705 -0.19863229516679129 0.95105651629515353
 -0.45026962626593547 -0.37782107733007814 0.80901699437494745
 -0.61974297292974589 -0.52002610001006078 0.58778525229247325
 -0.72855155939999616 -0.6113273447861689 0.30901699437494751
 -0.76604444311897801 -0.64278760968653925 1.2246063538223773e-16
 -0.72855155939999616 -0.6113273447861689 -0.30901699437494773
 -0.61974297292974578 -0.52002610001006067 -0.58778525229247336
 -0.45026962626593564 -0.3778210773300783 -0.80901699437494734
 -0.23672075137025705 -0.19863229516679129 -0.95105651629515353
 -1.4071543385307378e-16 -1.1807426864706512e-16 -1
 0.2367207513702568 0.19863229516679107 -0.95105651629515364
 0.45026962626593603 0.37782107733007858 -0.80901699437494701
 0.61974297292974589 0.52002610001006078 -0.58778525229247336
 0.72855155939999616 0.6113273447861689 -0.30901699437494762
 0.76604444311897801 0.64278760968653925 -2.4492127076447545e-16
 0 0 0
 0.64278760968653936 0.76604444311897801 0
 0.61132734478616901 0.72855155939999616 0.3090169943749474
 0.52002610001006089 0.61974297292974601 0.58778525229247314
 0.37782107733007819 0.45026962626593547 0.80901699437494745
 0.19863229516679126 0.23672075137025697 0.95105651629515353
 3.9358089549021716e-17 4.6905144617691258e-17 1
 -0.19863229516679132 -0.23672075137025705 0.95105651629515353
 -0.37782107733007819 -0.45026962626593547 0.80901699437494745
 -0.52002610001006089 -0.61974297292974589 0.58778525229247325
 -0.61132734478616901 -0.72855155939999616 0.30901699437494751
 -0.64278760968653936 -0.76604444311897801 1.2246063538223773e-16
 -0.61132734478616901 -0.72855155939999616 -0.30901699437494773
 -0.52002610001006078 -0.61974297292974578 -0.58778525229247336
 -0.37782107733007836 -0.45026962626593564 -0.80901699437494734
 -0.19863229516679132 -0.23672075137025705 -0.95105651629515353
 -1.1807426864706515e-16 -1.4071543385307378e-16 -1
 0.19863229516679112 0.2367207513702568 -0.95105651629515364
 0.37782107733007864 0.45026962626593603 -0.80901699437494701
 0.52002610001006089 0.61974297292974589 -0.58778525229247336
 0.61132734478616901 0.72855155939999616 -0.30901699437494762
 0.64278760968653936 0.76604444311897801 -2.4492127076447545e-16
 0 0 0
 0.50000000000000011 0.8660254037844386 0
 0.47552825814757688 0.82363910354633185 0.3090169943749474
 0.40450849718747384 0.70062926922203672 0.58778525229247314
 0.29389262614623657 0.50903696045512703 0.80901699437494745
 0.15450849718747375 0.26761656732981748 0.95105651629515353
 3.0615158845559438e-17 5.3027010602300667e-17 1
 -0.15450849718747381 -0.26761656732981753 0.95105651629515353
 -0.29389262614623657 -0.50903696045512703 0.80901699437494745
 -0.40450849718747378 -0.70062926922203661 0.58778525229247325
 -0.47552825814757688 -0.82363910354633185 0.30901699437494751
 -0.50000000000000011 -0.8660254037844386 1.2246063538223773e-16
 -0.47552825814757688 -0.82363910354633185 -0.30901699437494773
 -0.40450849718747373 -0.70062926922203661 -0.58778525229247336
 -0.29389262614623668 -0.50903696045512725 -0.80901699437494734
 -0.15450849718747381 -0.26761656732981753 -0.95105651629515353
 -9.1845476536678319e-17 -1.59081031806902e-16 -1
 0.15450849718747364 0.26761656732981726 -0.95105651629515364
 0.2938926261462369 0.5090369604551277 -0.80901699437494701
 0.40450849718747378 0.70062926922203661 -0.58778525229247336
 0.47552825814757688 0.82363910354633185 -0.30901699437494762
 0.50000000000000011 0.8660254037844386 -2.4492127076447545e-16
 0 0 0
 0.34202014332566882 0.93969262078590832 0
 0.32528048601407972 0.89370079031290872 0.3090169943749474
 0.27670010836902131 0.76022729970453284 0.58778525229247314
 0.20103439623378602 0.55233746418602025 0.80901699437494745
 0.10569003670618693 0.29038098931157869 0.95105651629515353
 2.094200203259271e-17 5.7537677702721247e-17 1
 -0.10569003670618696 -0.29038098931157874 0.95105651629515353
 -0.20103439623378602 -0.55233746418602025 0.80901699437494745
 -0.27670010836902131 -0.76022729970453273 0.58778525229247325
 -0.32528048601407972 -0.89370079031290872 0.30901699437494751
 -0.34202014332566882 -0.93969262078590832 1.2246063538223773e-16
 -0.32528048601407972 -0.89370079031290872 -0.30901699437494773
 -0.27670010836902126 -0.76022729970453262 -0.58778525229247336
 -0.20103439623378611 -0.55233746418602048 -0.80901699437494734
 -0.10569003670618696 -0.29038098931157874 -0.95105651629515353
 -6.2826006097778127e-17 -1.7261303310816374e-16 -1
 0.10569003670618685 0.29038098931157846 -0.95105651629515364
 0.20103439623378627 0.55233746418602092 -0.80901699437494701
 0.27670010836902131 0.76022729970453273 -0.58778525229247336
 0.32528048601407972 0.89370079031290872 -0.30901699437494762
 0.34202014332566882 0.93969262078590832 -2.4492127076447545e-16
 0 0 0
 0.17364817766693041 0.98480775301220802 0
 0.16514923091291273 0.93660783080024856 0.3090169943749474
 0.14048432677478692 0.79672620837908215 0.58778525229247314
 0.10206783792008488 0.57885547356386413 0.80901699437494745
 0.053660237941321715 0.30432233187297814 0.95105651629515353
 1.0632533085030001e-17 6.0300091581614417e-17 1
 -0.053660237941321728 -0.30432233187297825 0.95105651629515353
 -0.10206783792008488 -0.57885547356386413 0.80901699437494745
 -0.14048432677478689 -0.79672620837908203 0.58778525229247325
 -0.16514923091291273 -0.93660783080024856 0.30901699437494751
 -0.17364817766693041 -0.98480775301220802 1.2246063538223773e-16
 -0.16514923091291273 -0.93660783080024856 -0.30901699437494773
 -0.14048432677478689 -0.79672620837908192 -0.58778525229247336
 -0.10206783792008491 -0.57885547356386435 -0.80901699437494734
 -0.053660237941321728 -0.30432233187297825 -0.95105651629515353
 -3.1897599255090004e-17 -1.8090027474484325e-16 -1
 0.053660237941321673 0.30432233187297791 -0.95105651629515364
 0.10206783792008499 0.5788554735638648 -0.80901699437494701
 0.14048432677478689 0.79672620837908203 -0.58778525229247336
 0.16514923091291273 0.93660783080024856 -0.30901699437494762
 0.17364817766693041 0.98480775301220802 -2.4492127076447545e-16
 0 0 0
 6.1230317691118863e-17 1 0
 5.823349263496101e-17 0.95105651629515353 0.3090169943749474
 4.9536367583092156e-17 0.80901699437494745 0.58778525229247314
 3.5990277732022573e-17 0.58778525229247303 0.80901699437494745
 1.8921208737532724e-17 0.30901699437494745 0.95105651629515353
 3.7491518045553436e-33 6.1230317691118863e-17 1
 -1.892120873753273e-17 -0.30901699437494756 0.95105651629515353
 -3.5990277732022573e-17 -0.58778525229247303 0.80901699437494745
 -4.953636758309215e-17 -0.80901699437494734 0.58778525229247325
 -5.823349263496101e-17 -0.95105651629515353 0.30901699437494751
 -6.1230317691118863e-17 -1 1.2246063538223773e-16
 -5.823349263496101e-17 -0.95105651629515353 -0.30901699437494773
 -4.9536367583092143e-17 -0.80901699437494723 -0.58778525229247336
 -3.5990277732022592e-17 -0.58778525229247325 -0.80901699437494734
 -1.892120873753273e-17 -0.30901699437494756 -0.95105651629515353
 -1.1247455413666031e-32 -1.8369095307335659e-16 -1
 1.8921208737532709e-17 0.30901699437494723 -0.95105651629515364
 3.5990277732022616e-17 0.58778525229247369 -0.80901699437494701
 4.953636758309215e-17 0.80901699437494734 -0.58778525229247336
 5.823349263496101e-17 0.95105651629515353 -0.30901699437494762
 6.1230317691118863e-17 1 -2.4492127076447545e-16
 0 0 0
