Newsgroups: comp.sources.x
From: dmd@gradient.cis.upenn.edu (Douglas DeCarlo)
Subject: v19i058:  xspringies - it's a spring simulator...no, it's a game, Part06/16
Message-ID: <1993Mar26.161244.9843@sparky.imd.sterling.com>
X-Md4-Signature: f906bb549b55f023fc7b463391ddb14d
Date: Fri, 26 Mar 1993 16:12:44 GMT
Approved: chris@sparky.imd.sterling.com

Submitted-by: dmd@gradient.cis.upenn.edu (Douglas DeCarlo)
Posting-number: Volume 19, Issue 58
Archive-name: xspringies/part06
Environment: X11
Supersedes: xspringies: Volume 14, Issue 25-30

#!/bin/sh
# to extract, remove the header and type "sh filename"
if `test ! -d ./lib`
then
  mkdir ./lib
  echo "mkdir ./lib"
fi
if `test ! -s ./lib/urchin.xsp`
then
echo "writting ./lib/urchin.xsp"
cat > ./lib/urchin.xsp << '\BARFOO\'
#1.0 *** XSpringies data file
cmas 1.0
elas 1.0
kspr 200.0
kdmp 3.0
fixm 0
shws 1
cent -1
frce 0 1 10.0 0.0
frce 1 0 5.0 2.0
frce 2 0 10.0 0.0
frce 3 0 10000.0 1.0
visc 0.0
stck 2000.0
step 0.025000
prec 1.0
adpt 0
gsnp 20.0 0
wall 1 1 1 1
mass 1 507.296953 392.174236 -11.451186 -71.267273 1.0 1.0
mass 2 514.879820 372.128025 11.950035 -70.858717 1.0 1.0
mass 3 536.571268 364.423706 18.394466 -41.159445 1.0 1.0
mass 4 554.886966 369.953895 15.173664 -11.009243 1.0 1.0
mass 5 572.432935 379.927626 8.228103 -1.120846 1.0 1.0
mass 6 585.774508 392.380791 5.443281 -8.186599 1.0 1.0
mass 7 584.650543 411.934530 -15.582843 -24.911756 1.0 1.0
mass 8 569.409148 424.155713 -24.100159 -42.285960 1.0 1.0
mass 9 553.751996 434.663690 -26.069217 -41.610454 1.0 1.0
mass 10 536.684374 444.915694 -30.702349 -45.021926 1.0 1.0
mass 11 516.677286 435.936238 -33.128410 -60.977340 1.0 1.0
mass 12 514.170680 414.649472 -24.471518 -64.104425 1.0 1.0
mass 13 602.101547 478.298945 1.612646 -53.040881 1.0 1.0
mass 14 637.0 427.598266 0.0 0.0 1.0 1.0
mass 15 608.000171 350.425575 31.812856 23.456940 1.0 1.0
mass 16 484.367809 332.414622 42.575378 -91.238351 1.0 1.0
mass 17 480.857379 475.215663 -24.240991 -53.909049 1.0 1.0
mass 18 548.580015 492.173168 -34.565312 -52.436468 1.0 1.0
mass 19 578.155338 487.173526 22.544495 -71.920721 1.0 1.0
mass 20 630.992588 379.333707 16.662115 37.873709 1.0 1.0
mass 21 591.256916 324.817423 63.036114 27.988433 1.0 1.0
mass 22 539.051461 311.597938 159.501014 -27.955219 1.0 1.0
mass 23 448.396171 396.882674 -15.045910 -138.652372 1.0 1.0
mass 24 448.194414 419.993896 -27.625008 -84.936708 1.0 1.0
spng 1 1 2 200.0 3.0 20.0
spng 2 2 3 200.0 3.0 20.0
spng 3 3 4 200.0 3.0 20.0
spng 4 4 5 200.0 3.0 20.0
spng 5 5 6 200.0 3.0 20.0
spng 6 6 7 200.0 3.0 20.0
spng 7 7 8 200.0 3.0 20.0
spng 8 8 9 200.0 3.0 20.0
spng 9 9 10 200.0 3.0 20.0
spng 10 10 11 200.0 3.0 20.0
spng 11 11 12 200.0 3.0 20.0
spng 12 1 3 200.0 3.0 40.0
spng 13 2 4 200.0 3.0 40.0
spng 14 3 5 200.0 3.0 40.0
spng 15 4 6 200.0 3.0 40.0
spng 16 6 8 200.0 3.0 40.0
spng 17 7 9 200.0 3.0 40.0
spng 18 8 10 200.0 3.0 40.0
spng 19 9 11 200.0 3.0 40.0
spng 20 10 12 200.0 3.0 40.0
spng 21 12 1 200.0 3.0 21.0
spng 22 12 2 200.0 3.0 41.0
spng 23 11 1 200.0 3.0 41.0
spng 24 6 12 200.0 3.0 72.681733
spng 25 5 11 200.0 3.0 81.191259
spng 26 10 4 200.0 3.0 76.026311
spng 27 3 9 200.0 3.0 72.615425
spng 28 8 2 200.0 3.0 74.966659
spng 29 1 7 200.0 3.0 80.280757
spng 30 17 11 200.0 3.0 55.036352
spng 31 10 18 200.0 3.0 49.819675
spng 32 19 9 200.0 3.0 54.918121
spng 33 8 13 200.0 3.0 62.201286
spng 34 14 7 200.0 3.0 58.600341
spng 35 6 20 200.0 3.0 46.400431
spng 36 15 5 200.0 3.0 44.045431
spng 37 4 21 200.0 3.0 57.454330
spng 38 22 3 200.0 3.0 53.823787
spng 39 2 16 200.0 3.0 51.039201
spng 40 23 1 200.0 3.0 58.668561
spng 41 12 24 200.0 3.0 64.404969
spng 42 24 11 200.0 3.0 71.217975
spng 43 17 12 200.0 3.0 65.0
spng 44 11 18 200.0 3.0 60.745370
spng 45 18 9 200.0 3.0 60.406953
spng 46 9 13 200.0 3.0 67.779053
spng 47 13 7 200.0 3.0 66.708320
spng 48 7 20 200.0 3.0 55.659680
spng 49 20 5 200.0 3.0 60.0
spng 50 5 21 200.0 3.0 61.846584
spng 51 21 3 200.0 3.0 64.031242
spng 52 3 16 200.0 3.0 63.568860
spng 53 16 1 200.0 3.0 59.774577
spng 54 1 24 200.0 3.0 65.802736
spng 55 17 10 200.0 3.0 64.845971
spng 56 10 19 200.0 3.0 58.249464
spng 57 19 8 200.0 3.0 67.268120
spng 58 8 14 200.0 3.0 67.268120
spng 59 14 6 200.0 3.0 64.629715
spng 60 6 15 200.0 3.0 50.089919
spng 61 15 4 200.0 3.0 56.320511
spng 62 4 22 200.0 3.0 60.728906
spng 63 22 2 200.0 3.0 61.032778
spng 64 2 23 200.0 3.0 66.528190
spng 65 23 12 200.0 3.0 72.277244
\BARFOO\
else
  echo "will not over write ./lib/urchin.xsp"
fi
if `test ! -s ./lib/wave.xsp`
then
echo "writting ./lib/wave.xsp"
cat > ./lib/wave.xsp << '\BARFOO\'
#1.0 *** XSpringies data file
cmas 1.0
elas 1.0
kspr 5.0
kdmp 1.0
fixm 4
shws 1
cent -1
frce 0 1 10.0 0.0
frce 1 0 5.0 2.0
frce 2 0 10.0 0.0
frce 3 0 10000.0 1.0
visc 0.0
stck 0.0
step 0.025000
prec 1.0
adpt 0
gsnp 20.0 0
wall 0 0 0 1
mass 1 17.0 327.0 1.0 1.0 -1.0 1.0
mass 2 40.616434 329.518327 -6.273011 10.049778 0.400000 1.0
mass 3 62.238102 331.226941 -10.902818 14.334082 0.400000 1.0
mass 4 81.984174 330.876525 -14.241514 -0.139785 0.400000 1.0
mass 5 103.763691 328.789814 -17.720418 -3.743862 0.400000 1.0
mass 6 125.683554 326.574376 -21.048221 -9.894053 0.400000 1.0
mass 7 149.406841 322.162228 -24.786785 -20.649368 0.400000 1.0
mass 8 169.827468 316.266647 -26.407921 -24.052778 0.400000 1.0
mass 9 189.212042 310.066089 -25.481679 -23.548001 0.400000 1.0
mass 10 207.411015 303.520450 -22.571148 -20.158552 0.400000 1.0
mass 11 226.572788 296.968612 -18.939909 -16.048344 0.400000 1.0
mass 12 249.771360 290.771354 -19.104835 -24.115007 0.400000 1.0
mass 13 273.500543 289.136201 -16.004752 -16.644013 0.400000 1.0
mass 14 292.016440 292.091226 -10.085961 -32.129264 0.400000 1.0
mass 15 316.291833 297.096132 -6.608704 -33.307975 0.400000 1.0
mass 16 337.765051 304.406971 -1.273004 -37.803058 0.400000 1.0
mass 17 358.513912 313.420001 4.464993 -44.330510 0.400000 1.0
mass 18 379.333502 319.017074 7.034210 -47.210391 0.400000 1.0
mass 19 404.024078 325.157260 8.341837 -45.201158 0.400000 1.0
mass 20 423.080008 328.024010 8.374968 -35.841376 0.400000 1.0
mass 21 446.068042 328.706247 9.352009 -21.931248 0.400000 1.0
mass 22 465.798516 327.701723 11.915921 -14.792277 0.400000 1.0
mass 23 487.307632 325.611160 17.977405 12.379346 0.400000 1.0
mass 24 503.710143 325.736229 19.725355 29.320295 0.400000 1.0
mass 25 523.836754 326.129953 20.012130 30.001541 0.400000 1.0
mass 26 545.657152 324.842163 17.957325 25.173590 0.400000 1.0
mass 27 565.320706 324.907817 14.943513 21.725101 0.400000 1.0
mass 28 581.891905 325.827179 10.929984 16.794330 0.400000 1.0
mass 29 604.432529 326.601636 5.850051 6.924892 0.400000 1.0
mass 30 622.0 327.0 0.0 0.0 -1.0 1.0
spng 1 1 2 50.0 1.400000 18.027756
spng 2 2 3 50.0 1.400000 16.0
spng 3 3 4 50.0 1.400000 14.0
spng 4 4 5 50.0 1.400000 16.031220
spng 5 5 6 50.0 1.400000 16.031220
spng 6 6 7 50.0 1.400000 18.0
spng 7 7 8 50.0 1.400000 15.0
spng 8 8 9 50.0 1.400000 14.0
spng 9 9 10 50.0 1.400000 13.0
spng 10 10 11 50.0 1.400000 14.035669
spng 11 12 11 50.0 1.400000 18.0
spng 12 12 13 50.0 1.400000 18.027756
spng 13 13 14 50.0 1.400000 13.038405
spng 14 14 15 50.0 1.400000 19.026298
spng 15 15 16 50.0 1.400000 17.0
spng 16 16 17 50.0 1.400000 17.029386
spng 17 17 18 50.0 1.400000 16.0
spng 18 18 19 50.0 1.400000 20.0
spng 19 19 20 50.0 1.400000 14.035669
spng 20 20 21 50.0 1.400000 18.0
spng 21 21 22 50.0 1.400000 15.0
spng 22 22 23 50.0 1.400000 17.0
spng 23 23 24 50.0 1.400000 12.0
spng 24 24 25 50.0 1.400000 16.031220
spng 25 25 26 50.0 1.400000 18.0
spng 26 26 27 50.0 1.400000 16.0
spng 27 27 28 50.0 1.400000 13.038405
spng 28 28 29 50.0 1.400000 19.0
spng 29 29 30 50.0 1.400000 14.0
\BARFOO\
else
  echo "will not over write ./lib/wave.xsp"
fi
if `test ! -s ./lib/worm.xsp`
then
echo "writting ./lib/worm.xsp"
cat > ./lib/worm.xsp << '\BARFOO\'
#1.0 *** XSpringies data file
cmas 1.0
elas 1.0
kspr 200.0
kdmp 5.0
fixm 0
shws 1
cent 26
frce 0 0 10.0 0.0
frce 1 1 10.0 2.0
frce 2 0 10.0 0.0
frce 3 1 5000.0 1.0
visc 0.0
stck 0.0
step 0.025000
prec 1.0
adpt 0
gsnp 20.0 0
wall 1 1 1 1
mass 1 460.0 350.0 0.0 0.0 1.0 1.0
mass 2 460.0 310.0 0.0 0.0 1.0 1.0
mass 3 480.0 330.0 0.0 0.0 1.0 1.0
mass 4 500.0 350.0 0.0 0.0 1.0 1.0
mass 5 500.0 310.0 0.0 0.0 1.0 1.0
mass 6 520.0 330.0 0.0 0.0 1.0 1.0
mass 7 540.0 350.0 0.0 0.0 1.0 1.0
mass 8 540.0 310.0 0.0 0.0 1.0 1.0
mass 9 560.0 330.0 0.0 0.0 1.0 1.0
mass 10 340.0 350.0 0.0 0.0 1.0 1.0
mass 11 340.0 310.0 0.0 0.0 1.0 1.0
mass 12 360.0 330.0 0.0 0.0 1.0 1.0
mass 13 380.0 350.0 0.0 0.0 1.0 1.0
mass 14 380.0 310.0 0.0 0.0 1.0 1.0
mass 15 400.0 330.0 0.0 0.0 1.0 1.0
mass 16 420.0 350.0 0.0 0.0 1.0 1.0
mass 17 420.0 310.0 0.0 0.0 1.0 1.0
mass 18 220.0 350.0 0.0 0.0 1.0 1.0
mass 19 220.0 310.0 0.0 0.0 1.0 1.0
mass 20 260.0 350.0 0.0 0.0 1.0 1.0
mass 21 260.0 310.0 0.0 0.0 1.0 1.0
mass 22 280.0 330.0 0.0 0.0 1.0 1.0
mass 23 300.0 350.0 0.0 0.0 1.0 1.0
mass 24 300.0 310.0 0.0 0.0 1.0 1.0
mass 25 100.0 350.0 0.0 0.0 1.0 1.0
mass 26 80.0 330.0 0.0 0.0 1.0 1.0
mass 27 100.0 310.0 0.0 0.0 1.0 1.0
mass 28 120.0 330.0 0.0 0.0 1.0 1.0
mass 29 140.0 350.0 0.0 0.0 1.0 1.0
mass 30 140.0 310.0 0.0 0.0 1.0 1.0
mass 31 160.0 330.0 0.0 0.0 1.0 1.0
mass 32 180.0 350.0 0.0 0.0 1.0 1.0
mass 33 180.0 310.0 0.0 0.0 1.0 1.0
mass 34 200.0 330.0 0.0 0.0 1.0 1.0
mass 35 240.0 330.0 0.0 0.0 1.0 1.0
mass 36 320.0 330.0 0.0 0.0 1.0 1.0
mass 37 440.0 330.0 0.0 0.0 1.0 1.0
spng 1 1 3 200.0 5.0 28.284271
spng 2 3 4 200.0 5.0 28.284271
spng 3 4 6 200.0 5.0 28.284271
spng 4 6 7 200.0 5.0 28.284271
spng 5 7 9 200.0 5.0 28.284271
spng 6 9 8 200.0 5.0 28.284271
spng 7 8 6 200.0 5.0 28.284271
spng 8 6 5 200.0 5.0 28.284271
spng 9 5 3 200.0 5.0 28.284271
spng 10 3 2 200.0 5.0 28.284271
spng 11 6 9 200.0 5.0 40.0
spng 12 7 8 200.0 5.0 40.0
spng 13 4 5 200.0 5.0 40.0
spng 14 1 2 200.0 5.0 40.0
spng 15 10 12 200.0 5.0 28.284271
spng 16 12 13 200.0 5.0 28.284271
spng 17 13 15 200.0 5.0 28.284271
spng 18 15 16 200.0 5.0 28.284271
spng 19 17 15 200.0 5.0 28.284271
spng 20 15 14 200.0 5.0 28.284271
spng 21 14 12 200.0 5.0 28.284271
spng 22 12 11 200.0 5.0 28.284271
spng 23 12 15 200.0 5.0 40.0
spng 24 16 17 200.0 5.0 40.0
spng 25 13 14 200.0 5.0 40.0
spng 26 10 11 200.0 5.0 40.0
spng 27 20 22 200.0 5.0 28.284271
spng 28 22 23 200.0 5.0 28.284271
spng 29 24 22 200.0 5.0 28.284271
spng 30 22 21 200.0 5.0 28.284271
spng 31 23 24 200.0 5.0 40.0
spng 32 20 21 200.0 5.0 40.0
spng 33 26 25 200.0 5.0 28.284271
spng 34 25 28 200.0 5.0 28.284271
spng 35 28 29 200.0 5.0 28.284271
spng 36 29 31 200.0 5.0 28.284271
spng 37 31 32 200.0 5.0 28.284271
spng 38 33 31 200.0 5.0 28.284271
spng 39 31 30 200.0 5.0 28.284271
spng 40 30 28 200.0 5.0 28.284271
spng 41 28 27 200.0 5.0 28.284271
spng 42 27 26 200.0 5.0 28.284271
spng 43 26 28 200.0 5.0 40.0
spng 44 28 31 200.0 5.0 40.0
spng 45 32 33 200.0 5.0 40.0
spng 46 29 30 200.0 5.0 40.0
spng 47 25 27 200.0 5.0 40.0
spng 48 35 20 200.0 5.0 28.284271
spng 49 32 34 200.0 5.0 28.284271
spng 50 34 18 200.0 5.0 28.284271
spng 51 18 35 200.0 5.0 28.284271
spng 52 35 19 200.0 5.0 28.284271
spng 53 19 34 200.0 5.0 28.284271
spng 54 34 33 200.0 5.0 28.284271
spng 55 31 34 200.0 5.0 40.0
spng 56 18 19 200.0 5.0 40.0
spng 57 34 35 200.0 5.0 40.0
spng 58 35 21 200.0 5.0 28.284271
spng 59 35 22 200.0 5.0 40.0
spng 60 22 36 200.0 5.0 40.0
spng 61 36 12 200.0 5.0 40.0
spng 62 10 36 200.0 5.0 28.284271
spng 63 36 23 200.0 5.0 28.284271
spng 64 24 36 200.0 5.0 28.284271
spng 65 36 11 200.0 5.0 28.284271
spng 66 15 37 200.0 5.0 40.0
spng 67 37 3 200.0 5.0 40.0
spng 68 3 6 200.0 5.0 40.0
spng 69 16 37 200.0 5.0 28.284271
spng 70 37 1 200.0 5.0 28.284271
spng 71 37 2 200.0 5.0 28.284271
spng 72 37 17 200.0 5.0 28.284271
spng 73 25 29 200.0 5.0 40.0
spng 74 29 32 200.0 5.0 40.0
spng 75 32 18 200.0 5.0 40.0
spng 76 18 20 200.0 5.0 40.0
spng 77 20 23 200.0 5.0 40.0
spng 78 23 10 200.0 5.0 40.0
spng 79 10 13 200.0 5.0 40.0
spng 80 13 16 200.0 5.0 40.0
spng 81 16 1 200.0 5.0 40.0
spng 82 1 4 200.0 5.0 40.0
spng 83 4 7 200.0 5.0 40.0
spng 84 8 5 200.0 5.0 40.0
spng 85 5 2 200.0 5.0 40.0
spng 86 2 17 200.0 5.0 40.0
spng 87 17 14 200.0 5.0 40.0
spng 88 14 11 200.0 5.0 40.0
spng 89 11 24 200.0 5.0 40.0
spng 90 24 21 200.0 5.0 40.0
spng 91 21 19 200.0 5.0 40.0
spng 92 19 33 200.0 5.0 40.0
spng 93 33 30 200.0 5.0 40.0
spng 94 30 27 200.0 5.0 40.0
spng 95 25 31 200.0 5.0 63.245553
spng 96 31 18 200.0 5.0 63.245553
spng 97 18 22 200.0 5.0 63.245553
spng 98 22 10 200.0 5.0 63.245553
spng 99 10 15 200.0 5.0 63.245553
spng 100 15 1 200.0 5.0 63.245553
spng 101 1 6 200.0 5.0 63.245553
spng 102 27 31 200.0 5.0 63.245553
spng 103 31 19 200.0 5.0 63.245553
spng 104 19 22 200.0 5.0 63.245553
spng 105 22 11 200.0 5.0 63.245553
spng 106 11 15 200.0 5.0 63.245553
spng 107 15 2 200.0 5.0 63.245553
spng 108 2 6 200.0 5.0 63.245553
spng 109 29 34 200.0 5.0 63.245553
spng 110 34 20 200.0 5.0 63.245553
spng 111 20 36 200.0 5.0 63.245553
spng 112 36 13 200.0 5.0 63.245553
spng 113 13 37 200.0 5.0 63.245553
spng 114 37 4 200.0 5.0 63.245553
spng 115 4 9 200.0 5.0 63.245553
spng 116 28 33 200.0 5.0 63.245553
spng 117 33 35 200.0 5.0 63.245553
spng 118 35 24 200.0 5.0 63.245553
spng 119 24 12 200.0 5.0 63.245553
spng 120 12 17 200.0 5.0 63.245553
spng 121 17 3 200.0 5.0 63.245553
spng 122 3 8 200.0 5.0 63.245553
spng 123 5 9 200.0 5.0 63.245553
spng 124 26 29 200.0 5.0 63.245553
spng 125 26 30 200.0 5.0 63.245553
spng 126 25 33 200.0 5.0 89.442719
spng 127 27 32 200.0 5.0 89.442719
spng 128 29 19 200.0 5.0 89.442719
spng 129 30 18 200.0 5.0 89.442719
spng 130 32 21 200.0 5.0 89.442719
spng 131 33 20 200.0 5.0 89.442719
spng 132 18 24 200.0 5.0 89.442719
spng 133 19 23 200.0 5.0 89.442719
spng 134 20 11 200.0 5.0 89.442719
spng 135 21 10 200.0 5.0 89.442719
spng 136 23 14 200.0 5.0 89.442719
spng 137 24 13 200.0 5.0 89.442719
spng 138 10 17 200.0 5.0 89.442719
spng 139 11 16 200.0 5.0 89.442719
spng 140 13 2 200.0 5.0 89.442719
spng 141 14 1 200.0 5.0 89.442719
spng 142 16 5 200.0 5.0 89.442719
spng 143 17 4 200.0 5.0 89.442719
spng 144 1 8 200.0 5.0 89.442719
spng 145 2 7 200.0 5.0 89.442719
spng 146 25 30 200.0 5.0 56.568542
spng 147 29 27 200.0 5.0 56.568542
spng 148 29 33 200.0 5.0 56.568542
spng 149 32 30 200.0 5.0 56.568542
spng 150 32 19 200.0 5.0 56.568542
spng 151 18 33 200.0 5.0 56.568542
spng 152 18 21 200.0 5.0 56.568542
spng 153 20 19 200.0 5.0 56.568542
spng 154 20 24 200.0 5.0 56.568542
spng 155 23 21 200.0 5.0 56.568542
spng 156 23 11 200.0 5.0 56.568542
spng 157 10 24 200.0 5.0 56.568542
spng 158 10 14 200.0 5.0 56.568542
spng 159 13 11 200.0 5.0 56.568542
spng 160 13 17 200.0 5.0 56.568542
spng 161 16 14 200.0 5.0 56.568542
spng 162 16 2 200.0 5.0 56.568542
spng 163 1 17 200.0 5.0 56.568542
spng 164 1 5 200.0 5.0 56.568542
spng 165 4 2 200.0 5.0 56.568542
spng 166 4 8 200.0 5.0 56.568542
spng 167 7 5 200.0 5.0 56.568542
\BARFOO\
else
  echo "will not over write ./lib/worm.xsp"
fi
echo "Finished archive 6 of 16"
exit

exit 0 # Just in case...
-- 
  // chris@IMD.Sterling.COM            | Send comp.sources.x submissions to:
\X/  Amiga - The only way to fly!      |
 "It's intuitively obvious to the most |    sources-x@imd.sterling.com
  casual observer..."                  |
