Newsgroups: comp.sources.x
From: dmd@gradient.cis.upenn.edu (Douglas DeCarlo)
Subject: v19i062:  xspringies - it's a spring simulator...no, it's a game, Part10/16
Message-ID: <1993Mar26.161329.10147@sparky.imd.sterling.com>
X-Md4-Signature: 70a3fff91532da0981607be24eb352df
Date: Fri, 26 Mar 1993 16:13:29 GMT
Approved: chris@sparky.imd.sterling.com

Submitted-by: dmd@gradient.cis.upenn.edu (Douglas DeCarlo)
Posting-number: Volume 19, Issue 62
Archive-name: xspringies/part10
Environment: X11
Supersedes: xspringies: Volume 14, Issue 25-30

#!/bin/sh
# to extract, remove the header and type "sh filename"
if `test ! -d ./lib`
then
  mkdir ./lib
  echo "mkdir ./lib"
fi
if `test ! -s ./lib/jello2.xsp`
then
echo "writting ./lib/jello2.xsp"
cat > ./lib/jello2.xsp << '\BARFOO\'
#1.0 *** XSpringies data file
cmas 1.0
elas 0.010000
kspr 200.0
kdmp 1.0
fixm 0
shws 1
cent -1
frce 0 1 10.0 0.0
frce 1 0 5.0 2.0
frce 2 0 10.0 0.0
frce 3 0 10000.0 1.0
visc 0.0
stck 0.0
step 0.025000
prec 1.0
adpt 0
gsnp 40.0 0
wall 1 1 1 1
mass 1 267.341544 187.781792 0.000023 0.000313 1.0 0.010000
mass 2 307.352886 187.778570 -0.000001 0.000325 1.0 0.010000
mass 3 347.364229 187.781783 -0.000025 0.000321 1.0 0.010000
mass 4 267.323768 147.820450 0.000060 0.000247 1.0 0.010000
mass 5 307.352882 147.815849 0.000003 0.000257 1.0 0.010000
mass 6 347.381996 147.820443 -0.000053 0.000253 1.0 0.010000
mass 7 267.306829 107.892774 0.000081 0.000137 1.0 0.010000
mass 8 307.352878 107.895083 0.000007 0.000130 1.0 0.010000
mass 9 347.398927 107.892769 -0.000068 0.000141 1.0 0.010000
mass 10 267.317921 68.0 0.0 0.0 1.0 0.010000
mass 11 307.352876 68.0 0.0 0.0 1.0 0.010000
mass 12 347.387831 68.0 0.0 0.0 1.0 0.010000
spng 1 1 2 200.0 1.0 40.0
spng 2 2 3 200.0 1.0 40.0
spng 3 3 6 200.0 1.0 40.0
spng 4 6 5 200.0 1.0 40.0
spng 5 5 4 200.0 1.0 40.0
spng 6 4 7 200.0 1.0 40.0
spng 7 7 8 200.0 1.0 40.0
spng 8 8 9 200.0 1.0 40.0
spng 9 9 12 200.0 1.0 40.0
spng 10 12 11 200.0 1.0 40.0
spng 11 11 10 200.0 1.0 40.0
spng 12 10 8 200.0 1.0 56.568542
spng 13 8 6 200.0 1.0 56.568542
spng 14 6 2 200.0 1.0 56.568542
spng 15 2 4 200.0 1.0 56.568542
spng 16 4 8 200.0 1.0 56.568542
spng 17 8 12 200.0 1.0 56.568542
spng 18 9 11 200.0 1.0 56.568542
spng 19 11 7 200.0 1.0 56.568542
spng 20 7 5 200.0 1.0 56.568542
spng 21 5 9 200.0 1.0 56.568542
spng 22 3 5 200.0 1.0 56.568542
spng 23 5 1 200.0 1.0 56.568542
spng 24 1 4 200.0 1.0 40.0
spng 25 6 9 200.0 1.0 40.0
spng 26 5 8 200.0 1.0 40.0
spng 27 2 5 200.0 1.0 40.0
spng 28 8 11 200.0 1.0 40.0
spng 29 7 10 200.0 1.0 40.0
spng 30 1 6 200.0 1.0 89.442719
spng 31 3 4 200.0 1.0 89.442719
spng 32 4 9 200.0 1.0 89.442719
spng 33 6 7 200.0 1.0 89.442719
spng 34 7 12 200.0 1.0 89.442719
spng 35 9 10 200.0 1.0 89.442719
spng 36 10 5 200.0 1.0 89.442719
spng 37 4 11 200.0 1.0 89.442719
spng 38 12 5 200.0 1.0 89.442719
spng 39 6 11 200.0 1.0 89.442719
spng 40 2 9 200.0 1.0 89.442719
spng 41 3 8 200.0 1.0 89.442719
spng 42 8 1 200.0 1.0 89.442719
spng 43 2 7 200.0 1.0 89.442719
spng 44 1 11 200.0 1.0 126.491106
spng 45 2 10 200.0 1.0 126.491106
spng 46 2 12 200.0 1.0 126.491106
spng 47 11 3 200.0 1.0 126.491106
spng 48 10 6 200.0 1.0 113.137085
spng 49 4 12 200.0 1.0 113.137085
spng 50 1 9 200.0 1.0 113.137085
spng 51 3 7 200.0 1.0 113.137085
spng 52 1 12 200.0 1.0 144.222051
spng 53 10 3 200.0 1.0 144.222051
\BARFOO\
else
  echo "will not over write ./lib/jello2.xsp"
fi
if `test ! -s ./lib/kalied-maker.xsp`
then
echo "writting ./lib/kalied-maker.xsp"
cat > ./lib/kalied-maker.xsp << '\BARFOO\'
#1.0 *** XSpringies data file
cmas 1
elas 1
kspr 1
kdmp 1
fixm 0
shws 1
cent -1
frce 0 0 10 0
frce 1 0 10000 2
frce 2 1 10 0
frce 3 0 10000 1
visc 0
stck 0
step 0.025
prec 1
adpt 0
gsnp 20 1
wall 1 1 1 1
mass 1 301 255 7.7232906e-13 3.8616453e-13 1 1
mass 2 341 255 7.7232906e-13 3.8616453e-13 1 1
mass 3 321 255 7.7232906e-13 3.8616453e-13 1 1
mass 4 301 275 7.7232906e-13 3.8616453e-13 1 1
mass 5 321 275 7.7232906e-13 3.8616453e-13 1 1
mass 6 341 275 7.7232906e-13 3.8616453e-13 1 1
mass 7 301 295 7.7232906e-13 3.8616453e-13 1 1
mass 8 321 295 7.7232906e-13 3.8616453e-13 1 1
mass 9 341 295 7.7232906e-13 3.8616453e-13 1 1
mass 10 281 295 7.7232906e-13 3.8616453e-13 1 1
mass 11 281 275 7.7232906e-13 3.8616453e-13 1 1
mass 12 281 255 7.7232906e-13 3.8616453e-13 1 1
mass 13 281 235 7.7232906e-13 3.8616453e-13 1 1
mass 14 301 235 7.7232906e-13 3.8616453e-13 1 1
mass 15 321 235 7.7232906e-13 3.8616453e-13 1 1
mass 16 341 235 7.7232906e-13 3.8616453e-13 1 1
mass 17 361 235 7.7232906e-13 3.8616453e-13 1 1
mass 18 361 255 7.7232906e-13 3.8616453e-13 1 1
mass 19 361 275 7.7232906e-13 3.8616453e-13 1 1
mass 20 361 295 7.7232906e-13 3.8616453e-13 1 1
mass 21 361 315 7.7232906e-13 3.8616453e-13 1 1
mass 22 341 315 7.7232906e-13 3.8616453e-13 1 1
mass 23 321 315 7.7232906e-13 3.8616453e-13 1 1
mass 24 301 315 7.7232906e-13 3.8616453e-13 1 1
mass 25 281 315 7.7232906e-13 3.8616453e-13 1 1
mass 26 261 315 7.7232906e-13 3.8616453e-13 1 1
mass 27 261 295 7.7232906e-13 3.8616453e-13 1 1
mass 28 261 275 7.7232906e-13 3.8616453e-13 1 1
mass 29 261 255 7.7232906e-13 3.8616453e-13 1 1
mass 30 261 235 7.7232906e-13 3.8616453e-13 1 1
mass 31 261 215 7.7232906e-13 3.8616453e-13 1 1
mass 32 281 215 7.7232906e-13 3.8616453e-13 1 1
mass 33 301 215 7.7232906e-13 3.8616453e-13 1 1
mass 34 321 215 7.7232906e-13 3.8616453e-13 1 1
mass 35 341 215 7.7232906e-13 3.8616453e-13 1 1
mass 36 361 215 7.7232906e-13 3.8616453e-13 1 1
mass 37 381 215 7.7232906e-13 3.8616453e-13 1 1
mass 38 381 235 7.7232906e-13 3.8616453e-13 1 1
mass 39 381 255 7.7232906e-13 3.8616453e-13 1 1
mass 40 381 275 7.7232906e-13 3.8616453e-13 1 1
mass 41 381 295 7.7232906e-13 3.8616453e-13 1 1
mass 42 381 315 7.7232906e-13 3.8616453e-13 1 1
mass 43 261 335 7.7232906e-13 3.8616453e-13 1 1
mass 44 281 335 7.7232906e-13 3.8616453e-13 1 1
mass 45 301 335 7.7232906e-13 3.8616453e-13 1 1
mass 46 321 335 7.7232906e-13 3.8616453e-13 1 1
mass 47 341 335 7.7232906e-13 3.8616453e-13 1 1
mass 48 361 335 7.7232906e-13 3.8616453e-13 1 1
mass 49 381 335 7.7232906e-13 3.8616453e-13 1 1
\BARFOO\
else
  echo "will not over write ./lib/kalied-maker.xsp"
fi
if `test ! -s ./lib/kalied1.xsp`
then
echo "writting ./lib/kalied1.xsp"
cat > ./lib/kalied1.xsp << '\BARFOO\'
#1.0 *** XSpringies data file
cmas 1
elas 1
kspr 1
kdmp 1
fixm 0
shws 1
cent -1
frce 0 0 10 0
frce 1 0 400 0
frce 2 1 100 0
frce 3 0 10000 1
visc 0
stck 0
step 0.025
prec 1
adpt 0
gsnp 20 0
wall 1 1 1 1
mass 1 340.29013 263.97704 87.029152 -49.730807 1 1
mass 2 350.72109 255.18592 71.886103 -47.923949 1 1
mass 3 357.26987 245.98411 56.673251 -45.3385 1 1
mass 4 359.32134 236.67868 41.735234 -41.735148 1 1
mass 5 356.33965 227.88048 27.765232 -37.020239 1 1
mass 6 348.26649 220.46703 15.826529 -31.653014 1 1
mass 7 335.88286 215.46857 6.7507805 -27.00314 1 1
mass 8 320.99998 213.66837 -2.311821e-05 -25.133353 1 1
mass 9 306.11712 215.46859 -6.7508313 -27.003133 1 1
mass 10 285.66034 227.88051 -27.765285 -37.020233 1 1
mass 11 293.73348 220.46706 -15.826576 -31.653004 1 1
mass 12 282.67867 236.6787 -41.735284 -41.735128 1 1
mass 13 284.73017 245.98414 -56.673294 -45.338472 1 1
mass 14 291.27896 255.18595 -71.886138 -47.923918 1 1
mass 15 301.70993 263.97706 -87.029208 -49.730778 1 1
mass 16 348.18848 263.34777 85.602118 -36.68648 1 1
mass 17 359.16373 255.91813 69.686136 -34.842948 1 1
mass 18 366.09454 247.94329 53.382634 -32.029478 1 1
mass 19 368.11954 239.66037 37.020314 -27.76515 1 1
mass 20 364.35549 231.64454 21.527521 -21.527456 1 1
mass 21 354.49393 224.75913 8.948992 -13.423444 1 1
mass 22 339.22083 220.33751 1.6987519 -5.096246 1 1
mass 23 320.99998 218.94175 -1.5074526e-05 -1.214057 1 1
mass 24 302.77913 220.33752 -1.6987838 -5.0962447 1 1
mass 25 287.50605 224.75916 -8.9490285 -13.423437 1 1
mass 26 277.64451 231.64457 -21.527559 -21.527441 1 1
mass 27 273.88047 239.6604 -37.020364 -27.765143 1 1
mass 28 275.90549 247.94332 -53.382673 -32.029461 1 1
mass 29 282.83631 255.91815 -69.686181 -34.842932 1 1
mass 30 293.81157 263.34779 -85.602168 -36.686468 1 1
mass 31 354.37989 265.46288 84.217674 -24.06206 1 1
mass 32 365.95446 260.01519 67.562528 -22.520725 1 1
mass 33 373.37276 254.05092 50.002972 -20.001086 1 1
mass 34 375.53298 247.73355 31.653069 -15.826452 1 1
mass 35 371.24089 241.50612 13.423492 -8.9489353 1 1
mass 36 359.25269 236.74736 -2.3232411 2.3232732 1 1
mass 37 340.77369 235.45265 -8.9161205 17.832247 1 1
mass 38 320.99998 236.36525 4.4386852e-07 27.168034 1 1
mass 39 301.22627 235.45266 8.9161086 17.832236 1 1
mass 40 282.74729 236.74739 2.3232195 2.3232727 1 1
mass 41 270.75911 241.50615 -13.423522 -8.9489294 1 1
mass 42 266.46704 247.73358 -31.6531 -15.826442 1 1
mass 43 268.62726 254.05094 -50.003024 -20.001082 1 1
mass 44 276.0456 260.0152 -67.562546 -22.520701 1 1
mass 45 287.62017 265.46289 -84.217705 -24.062043 1 1
mass 46 358.34207 269.6654 83.167232 -11.880894 1 1
mass 47 359.74403 274.99999 82.89197 0.00014309977 1 1
mass 48 358.34205 280.33456 83.167208 11.881183 1 1
mass 49 370.37048 283.22842 65.952935 10.99229 1 1
mass 50 371.90647 275.00002 65.344256 0.00012412036 1 1
mass 51 370.37051 266.77159 65.952959 -10.992038 1 1
mass 52 378.15693 263.56865 47.254067 -9.4507107 1 1
mass 53 379.89938 275.00004 46.275383 0.00010836024 1 1
mass 54 378.15689 286.43141 47.25404 9.4509241 1 1
mass 55 380.53136 289.8829 27.003155 6.7508818 1 1
mass 56 382.33159 275.00005 25.133378 8.5158341e-05 1 1
mass 57 380.53141 260.1172 27.003177 -6.7507122 1 1
mass 58 375.66251 256.77923 5.0962822 -1.6987097 1 1
mass 59 377.05824 275.00007 1.214098 5.100715e-05 1 1
mass 60 375.66245 293.2209 5.0962773 1.6988215 1 1
mass 61 360.54733 294.77375 -17.832191 -8.916081 1 1
mass 62 359.63476 275.00007 -27.167994 -2.3217079e-06 1 1
mass 63 360.54739 255.22637 -17.832226 8.9161229 1 1
mass 64 334.46292 261.53712 -33.38628 33.386231 1 1
mass 65 319.60239 275.00002 -41.130854 -0.00010717519 1 1
mass 66 334.46292 288.46299 -33.386143 -33.386239 1 1
mass 67 320.99999 273.60245 3.4322922e-05 -41.130957 1 1
mass 68 321.00004 274.99987 1.3505908e-05 -4.6205595e-05 1 1
mass 69 320.99999 276.39765 3.4323088e-05 41.130791 1 1
mass 70 307.53705 261.53712 33.386279 33.386194 1 1
mass 71 322.39758 275.00002 41.130914 -0.0001071751 1 1
mass 72 307.53705 288.46298 33.386148 -33.386196 1 1
mass 73 281.45265 294.77374 17.832162 -8.9160734 1 1
mass 74 282.36524 275.00007 27.167964 -2.3216628e-06 1 1
mass 75 281.4526 255.22639 17.832199 8.9161117 1 1
mass 76 266.3375 256.77924 -5.0963115 -1.698706 1 1
mass 77 264.94175 275.00007 -1.214131 5.1007182e-05 1 1
mass 78 266.33756 293.22088 -5.0963055 1.6988209 1 1
mass 79 261.46867 289.88288 -27.003179 6.7508768 1 1
mass 80 259.66844 275.00005 -25.133398 8.5158442e-05 1 1
mass 81 261.46862 260.11722 -27.003201 -6.7507072 1 1
mass 82 263.8431 263.56866 -47.254092 -9.4507015 1 1
mass 83 262.10065 275.00004 -46.275428 0.0001083603 1 1
mass 84 263.84315 286.4314 -47.254065 9.4509159 1 1
mass 85 271.62955 283.22841 -65.952969 10.992284 1 1
mass 86 270.09358 275.00002 -65.344286 0.00012412044 1 1
mass 87 271.62953 266.7716 -65.952992 -10.992031 1 1
mass 88 283.65799 269.66541 -83.167281 -11.88089 1 1
mass 89 282.25603 274.99999 -82.89201 0.00014309986 1 1
mass 90 283.65801 280.33456 -83.167259 11.881174 1 1
mass 91 287.62022 284.53707 -84.217648 24.062319 1 1
mass 92 276.04566 289.98478 -67.562476 22.520946 1 1
mass 93 268.62731 295.9491 -50.003004 20.001304 1 1
mass 94 266.46712 302.26648 -31.653061 15.826613 1 1
mass 95 270.75921 308.49391 -13.423496 8.9490551 1 1
mass 96 282.7474 313.25265 2.3232242 -2.3231921 1 1
mass 97 287.50614 325.24082 -8.9489999 13.423543 1 1
mass 98 277.64461 318.35542 -21.52751 21.527575 1 1
mass 99 273.88055 310.33962 -37.020336 27.765335 1 1
mass 100 275.90557 302.05667 -53.382609 32.029665 1 1
mass 101 282.83637 294.08181 -69.686121 34.843181 1 1
mass 102 293.81162 286.65214 -85.602112 36.686757 1 1
mass 103 301.70999 286.02283 -87.029113 49.731059 1 1
mass 104 291.27903 294.81396 -71.886026 47.92414 1 1
mass 105 284.73027 304.01579 -56.673199 45.33866 1 1
mass 106 282.67878 313.32124 -41.735214 41.7353 1 1
mass 107 285.66042 322.11947 -27.765257 37.020408 1 1
mass 108 293.73357 329.53288 -15.826537 31.653115 1 1
mass 109 300.05093 327.37268 -20.001218 50.003075 1 1
mass 110 293.94335 320.09442 -32.02957 53.38268 1 1
mass 111 291.98421 311.26973 -45.338559 56.673285 1 1
mass 112 294.32718 301.67282 -59.405172 59.405273 1 1
mass 113 300.69122 291.92397 -73.925463 61.604672 1 1
mass 114 310.73218 282.33412 -88.379297 63.128247 1 1
mass 115 319.84757 275.98775 -107.87818 92.467206 1 1
mass 116 310.56714 285.43283 -75.478 75.478148 1 1
mass 117 304.07602 295.30875 -61.60455 73.925569 1 1
mass 118 301.18604 304.72093 -47.924019 71.886113 1 1
mass 119 301.9182 313.1636 -34.843071 69.686198 1 1
mass 120 306.01523 319.9543 -22.520835 67.562521 1 1
mass 121 354.37984 284.53708 84.217617 24.062336 1 1
mass 122 365.95439 289.9848 67.562459 22.520966 1 1
mass 123 359.16367 294.08183 69.686076 34.843197 1 1
mass 124 348.18843 286.65216 85.602062 36.686768 1 1
mass 125 340.29005 286.02284 87.029055 49.73109 1 1
mass 126 350.721 294.81399 71.885993 47.924167 1 1
mass 127 341.30883 291.92399 73.925413 61.60471 1 1
mass 128 331.26788 282.33414 88.379236 63.128296 1 1
mass 129 322.15249 275.98777 107.87794 92.467114 1 1
mass 130 331.43291 285.43285 75.477929 75.478194 1 1
mass 131 312.57711 266.57701 108.71756 108.71774 1 1
mass 132 321.98784 276.1524 92.466845 107.87831 1 1
mass 133 328.33419 285.2678 63.127978 88.379483 1 1
mass 134 337.92402 295.30878 61.60449 73.925603 1 1
mass 135 347.67285 301.67284 59.405109 59.405293 1 1
mass 136 350.0158 311.26976 45.338505 56.67331 1 1
mass 137 340.81399 304.72096 47.923957 71.886144 1 1
mass 138 332.02288 294.28998 49.73084 87.029234 1 1
mass 139 332.65217 302.18835 36.686552 85.602214 1 1
mass 140 340.08182 313.16362 34.842998 69.686216 1 1
mass 141 348.05665 320.09444 32.029508 53.382699 1 1
mass 142 341.94906 327.37269 20.00115 50.003082 1 1
mass 143 335.98477 319.95432 22.520763 67.562541 1 1
mass 144 330.53708 308.37975 24.062125 84.217722 1 1
mass 145 326.33457 312.34194 11.880982 83.167321 1 1
mass 146 329.2284 324.37041 10.992113 65.953025 1 1
mass 147 332.43135 332.15684 9.4507699 47.254112 1 1
mass 148 320.99999 333.89932 -3.1248195e-05 46.275483 1 1
mass 149 321 325.90637 -3.7468442e-05 65.344323 1 1
mass 150 321.00001 313.7439 -4.4097678e-05 82.89206 1 1
mass 151 315.66544 312.34193 -11.881065 83.16732 1 1
mass 152 312.7716 324.3704 -10.992187 65.953018 1 1
mass 153 309.56863 332.15683 -9.4508309 47.254105 1 1
mass 154 311.46293 308.37974 -24.062201 84.217712 1 1
mass 155 309.34785 302.18833 -36.686631 85.602202 1 1
mass 156 309.97715 294.28996 -49.730926 87.029202 1 1
mass 157 313.66586 285.26778 -63.128075 88.379429 1 1
mass 158 320.01221 276.15239 -92.467034 107.87836 1 1
mass 159 329.42295 266.57699 -108.71759 108.71769 1 1
mass 160 357.26977 304.01582 56.673157 45.338687 1 1
mass 161 359.32124 313.32127 41.735164 41.73532 1 1
mass 162 356.33958 322.11949 27.7652 37.020417 1 1
mass 163 348.26641 329.5329 15.826487 31.653126 1 1
mass 164 335.88281 334.53133 6.7507577 27.003223 1 1
mass 165 320.99998 336.33152 -2.3118309e-05 25.133422 1 1
mass 166 306.11717 334.53131 -6.7508085 27.003216 1 1
mass 167 366.09445 302.05669 53.382568 32.029685 1 1
mass 168 373.37271 295.94911 50.002951 20.001311 1 1
mass 169 375.53289 302.2665 31.653028 15.826625 1 1
mass 170 368.11946 310.33964 37.020283 27.765346 1 1
mass 171 364.35539 318.35545 21.527471 21.527589 1 1
mass 172 371.2408 308.49394 13.423465 8.9490635 1 1
mass 173 359.25259 313.25268 -2.3232486 -2.3231907 1 1
mass 174 354.49384 325.24085 8.9489644 13.42355 1 1
mass 175 339.22078 329.66247 1.6987447 5.0963447 1 1
mass 176 340.77364 314.5474 -8.9160877 -17.832152 1 1
mass 177 320.99998 313.63476 4.438214e-07 -27.167932 1 1
mass 178 320.99998 331.05824 -1.5074554e-05 1.214172 1 1
mass 179 302.77919 329.66245 -1.6987787 5.0963427 1 1
mass 180 301.22633 314.54739 8.9160723 -17.832143 1 1
mass 181 331.26795 267.66571 88.379416 -63.127968 1 1
mass 182 341.30891 258.07588 73.925541 -61.604493 1 1
mass 183 347.67293 248.32706 59.405177 -59.405077 1 1
mass 184 350.0159 238.73013 45.338601 -56.673166 1 1
mass 185 348.05674 229.90546 32.029573 -53.382562 1 1
mass 186 341.94911 222.62724 20.001171 -50.002901 1 1
mass 187 332.43139 217.84304 9.4507957 -47.254027 1 1
mass 188 320.99999 216.10059 -3.1248127e-05 -46.275329 1 1
mass 189 309.56859 217.84305 -9.4508567 -47.25402 1 1
mass 190 300.05088 222.62725 -20.001239 -50.002894 1 1
mass 191 293.94327 229.90548 -32.029635 -53.382543 1 1
mass 192 291.98412 238.73016 -45.338654 -56.67314 1 1
mass 193 294.3271 248.32708 -59.405244 -59.405054 1 1
mass 194 300.69114 258.0759 -73.925591 -61.604455 1 1
mass 195 310.73211 267.66573 -88.379468 -63.127919 1 1
mass 196 322.15254 274.01207 107.87766 -92.466382 1 1
mass 197 331.43299 264.56699 75.478084 -75.477954 1 1
mass 198 337.9241 254.69106 61.604615 -73.925435 1 1
mass 199 340.81407 245.27888 47.924065 -71.886019 1 1
mass 200 340.08188 236.83623 34.843059 -69.686057 1 1
mass 201 335.98484 230.0455 22.520832 -67.562484 1 1
mass 202 329.22843 225.62944 10.992135 -65.952909 1 1
mass 203 321 224.09347 -3.7468369e-05 -65.344219 1 1
mass 204 312.77157 225.62945 -10.992209 -65.952903 1 1
mass 205 306.01517 230.04553 -22.520904 -67.562464 1 1
mass 206 301.91814 236.83625 -34.843132 -69.68604 1 1
mass 207 301.18595 245.27891 -47.924131 -71.885986 1 1
mass 208 304.07594 254.69109 -61.604679 -73.925397 1 1
mass 209 310.56707 264.56701 -75.478164 -75.4779 1 1
mass 210 319.84751 274.01208 -107.8779 -92.466474 1 1
mass 211 312.57716 283.42279 108.71774 -108.71765 1 1
mass 212 321.98789 273.84742 92.466554 -107.87748 1 1
mass 213 328.33427 264.73201 63.128138 -88.379285 1 1
mass 214 332.02295 255.70984 49.730936 -87.029064 1 1
mass 215 332.65222 247.81148 36.686605 -85.602028 1 1
mass 216 330.53713 241.62006 24.062174 -84.217622 1 1
mass 217 326.33459 237.65788 11.881004 -83.16717 1 1
mass 218 321.00001 236.25591 -4.4097573e-05 -82.89192 1 1
mass 219 315.66542 237.65789 -11.881085 -83.16717 1 1
mass 220 311.46289 241.62007 -24.062256 -84.217599 1 1
mass 221 309.3478 247.81149 -36.686687 -85.602014 1 1
mass 222 309.97709 255.70986 -49.731021 -87.029033 1 1
mass 223 313.66578 264.73203 -63.128237 -88.379231 1 1
mass 224 320.01215 273.84744 -92.466752 -107.87757 1 1
mass 225 329.4229 283.4228 -108.71777 -108.7176 1 1
mass 226 301.03812 292.46659 115.70872 -101.24508 1 1
mass 227 309.86256 283.35302 123.00007 -92.249962 1 1
mass 228 318.794 276.3787 129.56431 -80.977467 1 1
mass 229 326.76645 272.11672 108.21888 -54.10921 1 1
mass 230 333.8184 270.19306 100.86483 -37.824125 1 1
mass 231 339.47384 270.3815 100.08721 -25.021634 1 1
mass 232 343.04583 272.24423 99.461858 -12.432568 1 1
mass 233 344.26102 274.99997 99.16279 0.00016513535 1 1
mass 234 343.04581 277.75569 99.461838 12.432901 1 1
mass 235 339.47381 279.61841 100.08717 25.021988 1 1
mass 236 333.81835 279.80683 100.86473 37.824518 1 1
mass 237 326.76641 277.88314 108.21894 54.109766 1 1
mass 238 318.79393 273.62113 129.56409 80.977883 1 1
mass 239 309.86251 266.64679 122.99992 92.250085 1 1
mass 240 301.03806 257.53321 115.7086 101.24512 1 1
mass 241 292.57711 246.577 108.71762 108.71769 1 1
mass 242 303.53331 255.03796 101.24501 115.7087 1 1
mass 243 312.64688 263.8624 92.249901 123.00003 1 1
mass 244 319.6212 272.79383 80.977471 129.56436 1 1
mass 245 323.88319 280.7663 54.109458 108.21934 1 1
mass 246 325.80687 287.81824 37.824195 100.8649 1 1
mass 247 325.61844 293.47369 25.021723 100.08729 1 1
mass 248 323.75572 297.04568 12.432674 99.461924 1 1
mass 249 321.00001 298.26087 -4.6632363e-05 99.16284 1 1
mass 250 318.24429 297.04568 -12.432766 99.461922 1 1
mass 251 316.38158 293.47367 -25.021823 100.08727 1 1
mass 252 316.19316 287.81822 -37.824307 100.86488 1 1
mass 253 318.11684 280.76629 -54.10961 108.21935 1 1
mass 254 322.37885 272.79382 -80.977594 129.56428 1 1
mass 255 329.35318 263.86238 -92.249937 122.99999 1 1
mass 256 338.46675 255.03794 -101.24503 115.70866 1 1
mass 257 349.42295 246.57699 -108.71762 108.71766 1 1
mass 258 340.962 257.53319 -115.7086 101.24509 1 1
mass 259 332.13756 266.64677 -122.99993 92.250038 1 1
mass 260 323.20613 273.62112 -129.56414 80.97781 1 1
mass 261 315.23366 277.88312 -108.21914 54.109799 1 1
mass 262 308.18172 279.80681 -100.86479 37.824482 1 1
mass 263 302.52626 279.6184 -100.08721 25.021972 1 1
mass 264 298.95426 277.75568 -99.461867 12.432897 1 1
mass 265 297.73904 274.99997 -99.16281 0.00016513564 1 1
mass 266 298.95424 272.24424 -99.461898 -12.432564 1 1
mass 267 302.52623 270.38151 -100.08725 -25.021617 1 1
mass 268 308.18167 270.19307 -100.86488 -37.824091 1 1
mass 269 315.23361 272.11674 -108.21908 -54.109243 1 1
mass 270 323.20607 276.37872 -129.56436 -80.977407 1 1
mass 271 332.13751 283.35304 -123.00008 -92.249915 1 1
mass 272 340.96194 292.46661 -115.70872 -101.24505 1 1
mass 273 349.4229 303.4228 -108.71772 -108.71765 1 1
mass 274 338.4667 294.96184 -101.24515 -115.70864 1 1
mass 275 329.35313 286.1374 -92.250099 -122.99997 1 1
mass 276 322.37879 277.20596 -80.977819 -129.5641 1 1
mass 277 318.11679 269.2335 -54.10955 -108.21868 1 1
mass 278 316.19312 262.18156 -37.824413 -100.86471 1 1
mass 279 316.38155 256.5261 -25.021882 -100.08713 1 1
mass 280 318.24428 252.9541 -12.432801 -99.4618 1 1
mass 281 321.00001 251.73889 -4.6632075e-05 -99.16276 1 1
mass 282 323.75574 252.9541 12.4327 -99.461813 1 1
mass 283 325.61848 256.52609 25.021782 -100.08715 1 1
mass 284 325.80692 262.18154 37.8243 -100.86474 1 1
mass 285 323.88324 269.23349 54.109398 -108.21867 1 1
mass 286 319.62126 277.20594 80.977708 -129.56415 1 1
mass 287 312.64693 286.13738 92.250063 -123.00001 1 1
mass 288 303.53336 294.96182 101.24514 -115.70868 1 1
mass 289 292.57716 303.42278 108.71772 -108.71768 1 1
\BARFOO\
else
  echo "will not over write ./lib/kalied1.xsp"
fi
if `test ! -s ./lib/kalied2.xsp`
then
echo "writting ./lib/kalied2.xsp"
cat > ./lib/kalied2.xsp << '\BARFOO\'
#1.0 *** XSpringies data file
cmas 1
elas 1
kspr 1
kdmp 1
fixm 4
shws 1
cent -1
frce 0 0 10 0
frce 1 0 100 0
frce 2 1 20 0
frce 3 0 10000 1
visc 0
stck 0
step 0.025
prec 1
adpt 0
gsnp 20 1
wall 0 0 0 0
mass 1 253.11392 342.88608 -18.519384 18.519384 1 1
mass 2 321 267.31438 2.2533475e-12 -53.794247 1 1
mass 3 293.52766 329.94468 14.97073 -29.941459 1 1
mass 4 266.05532 302.47234 29.941459 -14.97073 1 1
mass 5 328.68562 275 53.794247 1.3405463e-12 1 1
mass 6 266.05532 247.52766 29.941459 14.97073 1 1
mass 7 253.11392 207.11392 -18.519384 -18.519384 1 1
mass 8 293.52766 220.05532 14.97073 29.941459 1 1
mass 9 321 282.68562 2.2533475e-12 53.794247 1 1
mass 10 348.47234 220.05532 -14.97073 29.941459 1 1
mass 11 348.47234 329.94468 -14.97073 -29.941459 1 1
mass 12 388.88608 342.88608 18.519384 18.519384 1 1
mass 13 375.94468 302.47234 -29.941459 -14.97073 1 1
mass 14 313.31438 275 -53.794247 1.3405463e-12 1 1
mass 15 375.94468 247.52766 -29.941459 14.97073 1 1
mass 16 388.88608 207.11392 18.519384 -18.519384 1 1
mass 17 241.69877 215.52408 4.7755778 3.5816834 1 1
mass 18 307.84979 271.71245 50.933826 12.733457 1 1
mass 19 307.84979 278.28755 50.933826 -12.733457 1 1
mass 20 241.69877 334.47592 4.7755778 -3.5816834 1 1
mass 21 261.52408 354.30123 3.5816834 -4.7755778 1 1
mass 22 317.71245 288.15021 12.733457 -50.933826 1 1
mass 23 324.28755 288.15021 -12.733457 -50.933826 1 1
mass 24 380.47592 354.30123 -3.5816834 -4.7755778 1 1
mass 25 400.30123 334.47592 -4.7755778 -3.5816834 1 1
mass 26 334.15021 278.28755 -50.933826 -12.733457 1 1
mass 27 334.15021 271.71245 -50.933826 12.733457 1 1
mass 28 400.30123 215.52408 -4.7755778 3.5816834 1 1
mass 29 380.47592 195.69877 -3.5816834 4.7755778 1 1
mass 30 324.28755 261.84979 -12.733457 50.933826 1 1
mass 31 317.71245 261.84979 12.733457 50.933826 1 1
mass 32 261.52408 195.69877 3.5816834 4.7755778 1 1
mass 33 337.85709 291.85709 -25.583303 -25.583303 1 1
mass 34 281.42534 255.21267 3.8180324 1.9090162 1 1
mass 35 306.37483 275 31.814851 4.6168449e-12 1 1
mass 36 281.42534 294.78733 3.8180324 -1.9090162 1 1
mass 37 337.85709 258.14291 -25.583303 25.583303 1 1
mass 38 301.21267 314.57466 1.9090162 -3.8180324 1 1
mass 39 321 289.62517 1.9997646e-12 -31.814851 1 1
mass 40 340.78733 314.57466 -1.9090162 -3.8180324 1 1
mass 41 304.14291 258.14291 25.583303 25.583303 1 1
mass 42 360.57466 294.78733 -3.8180324 -1.9090162 1 1
mass 43 335.62517 275 -31.814851 4.6168449e-12 1 1
mass 44 360.57466 255.21267 -3.8180324 1.9090162 1 1
mass 45 304.14291 291.85709 25.583303 -25.583303 1 1
mass 46 340.78733 235.42534 -1.9090162 3.8180324 1 1
mass 47 321 260.37483 1.9997646e-12 31.814851 1 1
mass 48 301.21267 235.42534 1.9090162 3.8180324 1 1
mass 49 293.41104 254.30828 -19.942239 -14.956679 1 1
mass 50 295.55839 268.6396 23.740486 5.9351215 1 1
mass 51 295.55839 281.3604 23.740486 -5.9351215 1 1
mass 52 293.41104 295.69172 -19.942239 14.956679 1 1
mass 53 300.30828 302.58896 -14.956679 19.942239 1 1
mass 54 314.6396 300.44161 5.9351215 -23.740486 1 1
mass 55 327.3604 300.44161 -5.9351215 -23.740486 1 1
mass 56 341.69172 302.58896 14.956679 19.942239 1 1
mass 57 348.58896 295.69172 19.942239 14.956679 1 1
mass 58 346.44161 281.3604 -23.740486 -5.9351215 1 1
mass 59 346.44161 268.6396 -23.740486 5.9351215 1 1
mass 60 348.58896 254.30828 19.942239 -14.956679 1 1
mass 61 341.69172 247.41104 14.956679 -19.942239 1 1
mass 62 327.3604 249.55839 -5.9351215 23.740486 1 1
mass 63 314.6396 249.55839 5.9351215 23.740486 1 1
mass 64 300.30828 247.41104 -14.956679 -19.942239 1 1
mass 65 313.81596 267.81596 -19.040046 -19.040046 1 1
mass 66 324.14342 276.57171 24.518421 12.259211 1 1
mass 67 340.9848 275 -1.2380577 7.8631594e-14 1 1
mass 68 324.14342 273.42829 24.518421 -12.259211 1 1
mass 69 313.81596 282.18404 -19.040046 19.040046 1 1
mass 70 322.57171 271.85658 12.259211 -24.518421 1 1
mass 71 321 255.0152 -8.3482677e-13 1.2380577 1 1
mass 72 319.42829 271.85658 -12.259211 -24.518421 1 1
mass 73 328.18404 282.18404 19.040046 19.040046 1 1
mass 74 317.85658 273.42829 -24.518421 -12.259211 1 1
mass 75 301.0152 275 1.2380577 7.8631594e-14 1 1
mass 76 317.85658 276.57171 -24.518421 12.259211 1 1
mass 77 328.18404 267.81596 19.040046 -19.040046 1 1
mass 79 319.42829 278.14342 -12.259211 24.518421 1 1
mass 80 322.57171 278.14342 12.259211 24.518421 1 1
mass 81 321 294.9848 -8.3482677e-13 -1.2380577 1 1
mass 82 324.48776 278.48776 6.5396334 6.5396334 1 1
mass 83 322.46735 275 9.5234068 4.1998808e-12 1 1
mass 84 324.48776 271.51224 6.5396334 -6.5396334 1 1
mass 85 321 273.53265 1.51992e-11 -9.5234068 1 1
mass 86 317.51224 271.51224 -6.5396334 -6.5396334 1 1
mass 87 321 276.46735 1.51992e-11 9.5234068 1 1
mass 88 317.51224 278.48776 -6.5396334 6.5396334 1 1
mass 89 319.53265 275 -9.5234068 4.1998808e-12 1 1
\BARFOO\
else
  echo "will not over write ./lib/kalied2.xsp"
fi
if `test ! -s ./lib/lgrid.xsp`
then
echo "writting ./lib/lgrid.xsp"
cat > ./lib/lgrid.xsp << '\BARFOO\'
#1.0 *** XSpringies data file
cmas 0.5
elas 1
kspr 10
kdmp 1
fixm 0
shws 1
cent -1
frce 0 0 10 0
frce 1 0 5 2
frce 2 0 10 0
frce 3 0 10000 1
visc 0
stck 0
step 0.025
prec 1
adpt 0
gsnp 20 0
wall 1 1 1 1
mass 1 140 430 0 0 -0.5 1
mass 2 460 430 0 0 -0.5 1
mass 3 160 430 0 0 0.5 1
mass 4 180 430 0 0 0.5 1
mass 5 200 430 0 0 0.5 1
mass 6 220 430 0 0 0.5 1
mass 7 240 430 0 0 0.5 1
mass 8 260 430 0 0 0.5 1
mass 9 280 430 0 0 0.5 1
mass 10 300 430 0 0 0.5 1
mass 11 320 430 0 0 0.5 1
mass 12 340 430 0 0 0.5 1
mass 13 360 430 0 0 0.5 1
mass 14 380 430 0 0 0.5 1
mass 15 400 430 0 0 0.5 1
mass 16 420 430 0 0 0.5 1
mass 17 440 430 0 0 0.5 1
mass 18 140 410 0 0 0.5 1
mass 19 140 390 0 0 0.5 1
mass 20 140 370 0 0 0.5 1
mass 21 140 350 0 0 0.5 1
mass 22 140 330 0 0 0.5 1
mass 23 140 310 0 0 0.5 1
mass 24 140 290 0 0 0.5 1
mass 25 140 270 0 0 0.5 1
mass 26 140 250 0 0 0.5 1
mass 27 140 230 0 0 0.5 1
mass 28 140 210 0 0 0.5 1
mass 29 140 190 0 0 0.5 1
mass 30 140 170 0 0 0.5 1
mass 31 140 150 0 0 0.5 1
mass 32 140 130 0 0 0.5 1
mass 33 140 110 0 0 -0.5 1
spng 1 3 1 200 5 20
spng 2 3 4 200 5 20
spng 3 4 5 200 5 20
spng 4 5 6 200 5 20
spng 5 6 7 200 5 20
spng 6 7 8 200 5 20
spng 7 8 9 200 5 20
spng 8 9 10 200 5 20
spng 9 10 11 200 5 20
spng 10 11 12 200 5 20
spng 11 12 13 200 5 20
spng 12 13 14 200 5 20
spng 13 14 15 200 5 20
spng 14 15 16 200 5 20
spng 15 16 17 200 5 20
spng 16 17 2 200 5 20
spng 17 1 18 200 5 20
spng 18 18 19 200 5 20
spng 19 19 20 200 5 20
spng 20 20 21 200 5 20
spng 21 21 22 200 5 20
spng 22 22 23 200 5 20
spng 23 23 24 200 5 20
spng 24 24 25 200 5 20
spng 25 25 26 200 5 20
spng 26 26 27 200 5 20
spng 27 27 28 200 5 20
spng 28 28 29 200 5 20
spng 29 29 30 200 5 20
spng 30 30 31 200 5 20
spng 31 31 32 200 5 20
spng 32 3 32 200 5 300.665927567458141
spng 33 31 4 200 5 282.84271247461902
spng 34 30 5 200 5 266.833281282526684
spng 35 29 6 200 5 252.982212813470341
spng 36 28 7 200 5 241.660919471891447
spng 37 27 8 200 5 233.238075793812015
spng 38 26 9 200 5 228.035085019827591
spng 39 25 10 200 5 226.274169979695216
spng 40 24 11 200 5 228.035085019827591
spng 41 23 12 200 5 233.238075793812015
spng 42 22 13 200 5 241.660919471891447
spng 43 21 14 200 5 252.982212813470341
spng 44 20 15 200 5 266.833281282526684
spng 45 19 16 200 5 282.84271247461902
spng 46 18 17 200 5 300.665927567458141
spng 47 33 32 200 5 20
\BARFOO\
else
  echo "will not over write ./lib/lgrid.xsp"
fi
if `test ! -s ./lib/lissajous.xsp`
then
echo "writting ./lib/lissajous.xsp"
cat > ./lib/lissajous.xsp << '\BARFOO\'
#1.0 *** XSpringies data file
cmas 1.0
elas 1.0
kspr 1.0
kdmp 1.0
fixm 0
shws 1
cent -1
frce 0 0 10.0 0.0
frce 1 0 5.0 2.0
frce 2 0 10.0 0.0
frce 3 1 10000.0 1.0
visc 0.0
stck 0.0
step 0.025000
prec 1.0
adpt 0
gsnp 20.0 1
wall 1 1 1 1
mass 65 331.162144 367.434251 212.685591 -199.422600 1.0 1.0
mass 66 309.890546 387.221956 212.676212 -196.193125 1.0 1.0
mass 67 288.640992 406.642733 212.243781 -192.057404 1.0 1.0
mass 68 267.456243 425.596866 211.377362 -186.821651 1.0 1.0
mass 69 246.380720 443.961097 210.054487 -180.202350 1.0 1.0
mass 70 225.461736 461.577298 208.239390 -171.774378 1.0 1.0
mass 71 204.750961 478.234143 205.880027 -160.878592 1.0 1.0
mass 72 184.306276 493.636104 202.903366 -146.452603 1.0 1.0
mass 73 164.194199 507.349248 199.208069 -126.724906 1.0 1.0
mass 74 144.493257 518.708196 194.653018 -98.761798 1.0 1.0
mass 75 125.298801 526.691754 189.038939 -58.568204 1.0 1.0
mass 76 106.730212 529.973887 182.078055 -5.440683 1.0 1.0
mass 77 88.942109 527.723682 173.342116 49.260690 1.0 1.0
mass 78 72.142566 520.534471 162.169997 92.141305 1.0 1.0
mass 79 56.623996 509.729421 147.498474 122.128046 1.0 1.0
mass 80 42.817264 496.405872 127.555864 143.160685 1.0 1.0
mass 81 31.384776 481.287812 99.405443 158.434751 1.0 1.0
mass 82 23.345747 464.844798 59.031315 169.907062 1.0 1.0
mass 83 20.347656 451.837500 19.838185 176.738693 1.0 1.0
mass 84 21.197241 433.781223 -36.363878 184.092574 1.0 1.0
mass 85 27.284416 415.070445 -83.039759 189.897016 1.0 1.0
mass 86 37.346131 395.842091 -116.176523 194.489804 1.0 1.0
mass 87 46.767454 381.147524 -134.273397 197.279725 1.0 1.0
mass 88 61.147359 361.264006 -152.379573 200.258725 1.0 1.0
mass 89 77.089943 341.120391 -165.849265 202.498148 1.0 1.0
mass 90 89.837967 325.884123 -173.845611 203.743064 1.0 1.0
mass 91 107.670882 305.448567 -182.476297 204.869474 1.0 1.0
mass 92 126.275193 284.929430 -189.358697 205.419182 1.0 1.0
mass 93 140.641538 269.519344 -193.631078 205.464326 1.0 1.0
mass 94 160.250222 248.989625 -198.378110 205.036537 1.0 1.0
mass 95 180.287431 228.531059 -202.231227 204.037460 1.0 1.0
mass 96 200.671747 208.202247 -205.341336 202.434227 1.0 1.0
mass 97 216.146131 193.078441 -207.252599 200.803065 1.0 1.0
mass 98 236.978470 173.132252 -209.304185 197.992910 1.0 1.0
mass 99 252.722993 158.378857 -210.503414 195.348546 1.0 1.0
mass 100 273.836286 139.053550 -211.685505 190.985124 1.0 1.0
mass 101 295.045162 120.220209 -212.419216 185.467187 1.0 1.0
mass 102 310.988138 106.494928 -212.687018 180.389910 1.0 1.0
mass 103 326.942277 93.186799 -212.717224 174.307208 1.0 1.0
mass 104 342.889795 80.380303 -212.510257 166.962766 1.0 1.0
mass 105 358.812816 68.182873 -212.063200 157.993476 1.0 1.0
mass 106 379.973823 53.116172 -211.082080 142.564058 1.0 1.0
mass 107 395.767705 42.972013 -210.043454 127.310082 1.0 1.0
mass 108 411.473428 34.133032 -208.728112 107.505119 1.0 1.0
mass 109 427.069485 27.002876 -207.115095 81.434485 1.0 1.0
mass 110 442.532578 22.114316 -205.177280 47.581460 1.0 1.0
mass 111 462.898528 20.047489 -202.026909 -7.341041 1.0 1.0
mass 112 477.946562 22.153322 -199.179108 -47.992577 1.0 1.0
mass 113 492.763331 27.069481 -195.848204 -81.758431 1.0 1.0
mass 114 502.493650 31.624075 -193.320633 -99.872597 1.0 1.0
mass 115 521.539792 43.076014 -187.392302 -127.497865 1.0 1.0
mass 116 535.398440 53.232609 -182.023179 -142.710247 1.0 1.0
mass 117 548.818429 64.401680 -175.658123 -154.674085 1.0 1.0
mass 118 561.715824 76.374746 -168.036160 -164.269517 1.0 1.0
mass 119 573.983333 88.997930 -158.787974 -172.091759 1.0 1.0
mass 120 585.480201 102.154485 -147.378711 -178.549035 1.0 1.0
mass 121 596.016707 115.753380 -133.019661 -183.927422 1.0 1.0
mass 122 605.330756 129.721796 -114.548596 -188.431897 1.0 1.0
mass 123 613.056065 144.000094 -90.351140 -192.212311 1.0 1.0
mass 124 618.695859 158.538349 -58.695094 -195.380066 1.0 1.0
mass 125 621.666230 173.293901 -19.442055 -198.019048 1.0 1.0
mass 126 621.526334 188.229591 23.113686 -200.192931 1.0 1.0
mass 127 618.299773 203.312434 61.795203 -201.950146 1.0 1.0
mass 128 612.454182 218.512619 92.748481 -203.327304 1.0 1.0
mass 129 604.571695 233.802714 116.370325 -204.351576 1.0 1.0
mass 130 595.137597 249.157023 134.422790 -205.042328 1.0 1.0
mass 131 580.744907 269.687091 152.488797 -205.465534 1.0 1.0
mass 132 564.792810 290.231565 165.932024 -205.331202 1.0 1.0
mass 133 547.661643 310.734624 176.261922 -204.635050 1.0 1.0
mass 134 529.613369 331.139119 184.392678 -203.354544 1.0 1.0
mass 135 510.837009 351.384650 190.900029 -201.446725 1.0 1.0
mass 136 481.609551 381.308586 198.408289 -197.252076 1.0 1.0
mass 137 461.569618 400.849286 202.255685 -193.405966 1.0 1.0
mass 138 441.183104 419.955397 205.360969 -188.525819 1.0 1.0
mass 139 420.518532 438.511703 207.832038 -182.359300 1.0 1.0
mass 140 410.100795 447.539599 208.854985 -178.682985 1.0 1.0
mass 141 389.128209 464.983496 210.513424 -169.825287 1.0 1.0
mass 142 368.014080 481.417134 211.692251 -158.327461 1.0 1.0
mass 143 346.804685 496.522710 212.422873 -143.015678 1.0 1.0
mass 144 325.543808 509.829063 212.724058 -121.924802 1.0 1.0
mass 145 309.589934 518.204391 212.673091 -100.435913 1.0 1.0
mass 146 293.648786 524.724007 212.384331 -72.142975 1.0 1.0
mass 147 272.444826 529.555107 211.621850 -22.353754 1.0 1.0
mass 148 251.339403 528.972890 210.409327 33.677425 1.0 1.0
mass 149 230.379026 523.136019 208.714352 80.751859 1.0 1.0
mass 150 219.968808 518.627447 207.671695 99.034251 1.0 1.0
mass 151 199.322385 507.245691 205.157382 126.914463 1.0 1.0
mass 152 178.958663 493.516453 202.002135 146.588881 1.0 1.0
mass 153 158.946959 478.102719 198.095442 160.980112 1.0 1.0
mass 154 139.369696 461.436979 193.282987 171.852151 1.0 1.0
mass 155 120.327747 443.813897 187.345730 180.263088 1.0 1.0
mass 156 111.045983 434.711552 183.861022 183.761298 1.0 1.0
mass 157 93.057409 416.030304 175.592645 189.634860 1.0 1.0
mass 158 76.002145 396.825316 165.072246 194.282717 1.0 1.0
mass 159 67.904440 387.061692 158.691542 196.223008 1.0 1.0
mass 160 52.788711 367.271347 142.838810 199.445699 1.0 1.0
mass 161 39.532352 347.198211 121.071718 201.897280 1.0 1.0
mass 162 33.820144 337.078491 106.992721 202.864079 1.0 1.0
mass 163 24.867104 316.714032 69.838796 204.322578 1.0 1.0
mass 164 20.320158 296.233774 19.045446 205.186421 1.0 1.0
mass 165 20.490141 280.832501 -23.506691 205.461738 1.0 1.0
mass 166 23.744029 265.422341 -62.124919 205.423735 1.0 1.0
mass 167 29.611479 250.026786 -93.002913 205.071734 1.0 1.0
mass 168 37.510648 234.669584 -116.563711 204.399407 1.0 1.0
mass 169 50.385833 214.295391 -139.626091 202.982473 1.0 1.0
mass 170 61.362947 199.124849 -152.597836 201.503209 1.0 1.0
mass 171 73.211471 184.079631 -162.997552 199.634786 1.0 1.0
mass 172 90.083854 164.267656 -173.982481 196.467983 1.0 1.0
mass 173 98.899040 154.491003 -178.534594 194.559388 1.0 1.0
mass 174 112.517028 140.020156 -184.443869 191.231471 1.0 1.0
mass 175 126.542985 125.822266 -189.445717 187.263200 1.0 1.0
mass 176 145.774102 107.408256 -194.982510 180.761570 1.0 1.0
mass 177 155.583332 98.465249 -197.345780 176.880215 1.0 1.0
mass 178 175.527379 81.226144 -201.394204 167.504401 1.0 1.0
mass 179 195.836419 65.058999 -204.668475 155.273263 1.0 1.0
mass 180 206.105119 57.479810 -206.053226 147.704975 1.0 1.0
mass 181 226.831286 43.618845 -208.374823 128.464932 1.0 1.0
mass 182 237.274438 37.495796 -209.329425 116.091154 1.0 1.0
mass 183 258.288019 27.419796 -210.860785 83.426347 1.0 1.0
mass 184 268.846221 23.766107 -211.448082 62.118150 1.0 1.0
mass 185 290.036575 20.083716 -212.285410 9.746004 1.0 1.0
mass 186 305.972350 20.943659 -212.628553 -32.319485 1.0 1.0
mass 187 316.606621 23.208644 -212.724699 -57.755810 1.0 1.0
mass 188 332.560459 28.776859 -212.671498 -89.382984 1.0 1.0
mass 189 353.809090 39.351211 -212.230016 -120.216466 1.0 1.0
mass 190 364.411485 45.663249 -211.847531 -131.924099 1.0 1.0
mass 191 380.272296 56.113398 -211.064984 -146.165987 1.0 1.0
mass 192 396.064708 67.513963 -210.021302 -157.428007 1.0 1.0
mass 193 416.979837 83.869038 -208.195268 -169.140374 1.0 1.0
mass 194 437.685599 101.252455 -205.823657 -178.150239 1.0 1.0
mass 195 447.942138 110.255260 -204.411280 -181.886938 1.0 1.0
mass 196 458.123962 119.434153 -202.832924 -185.203489 1.0 1.0
\BARFOO\
else
  echo "will not over write ./lib/lissajous.xsp"
fi
if `test ! -s ./lib/mesh.xsp`
then
echo "writting ./lib/mesh.xsp"
cat > ./lib/mesh.xsp << '\BARFOO\'
#1.0 *** XSpringies data file
cmas 1.0
elas 1.0
kspr 150.0
kdmp 2.0
fixm 0
shws 1
cent -1
frce 0 0 10.0 0.0
frce 1 0 5.0 2.0
frce 2 0 10.0 0.0
frce 3 0 10000.0 1.0
visc 0.0
stck 0.0
step 0.100000
prec 1.0
adpt 0
gsnp 20.0 0
wall 0 0 0 1
mass 1 0.0 544.0 0.0 0.0 -1.0 1.0
mass 2 66.0 544.0 0.0 0.0 -1.0 1.0
mass 3 132.0 544.0 0.0 0.0 -1.0 1.0
mass 4 198.0 544.0 0.0 0.0 -1.0 1.0
mass 5 264.0 544.0 0.0 0.0 -1.0 1.0
mass 6 330.0 544.0 0.0 0.0 -1.0 1.0
mass 7 396.0 544.0 0.0 0.0 -1.0 1.0
mass 8 462.0 544.0 0.0 0.0 -1.0 1.0
mass 9 528.0 544.0 0.0 0.0 -1.0 1.0
mass 10 594.0 544.0 0.0 0.0 -1.0 1.0
mass 11 660.0 544.0 0.0 0.0 -1.0 1.0
mass 12 726.0 544.0 0.0 0.0 -1.0 1.0
mass 13 0.0 478.0 0.0 0.0 -1.0 1.0
mass 14 66.0 478.0 0.0 0.0 1.0 1.0
mass 15 132.0 478.0 0.0 0.0 1.0 1.0
mass 16 198.0 478.0 0.0 0.0 1.0 1.0
mass 17 264.0 478.0 0.0 0.0 1.0 1.0
mass 18 330.0 478.0 0.0 0.0 1.0 1.0
mass 19 396.0 478.0 0.0 0.0 1.0 1.0
mass 20 462.0 478.0 0.0 0.0 1.0 1.0
mass 21 528.0 478.0 0.0 0.0 1.0 1.0
mass 22 594.0 478.0 0.0 0.0 1.0 1.0
mass 23 660.0 478.0 0.0 0.0 1.0 1.0
mass 24 726.0 478.0 0.0 0.0 -1.0 1.0
mass 25 0.0 412.0 0.0 0.0 -1.0 1.0
mass 26 66.0 412.0 0.0 0.0 1.0 1.0
mass 27 132.0 412.0 0.0 0.0 1.0 1.0
mass 28 198.0 412.0 0.0 0.0 1.0 1.0
mass 29 264.0 412.0 0.0 0.0 1.0 1.0
mass 30 330.0 412.0 0.0 0.0 1.0 1.0
mass 31 396.0 412.0 0.0 0.0 1.0 1.0
mass 32 462.0 412.0 0.0 0.0 1.0 1.0
mass 33 528.0 412.0 0.0 0.0 1.0 1.0
mass 34 594.0 412.0 0.0 0.0 1.0 1.0
mass 35 660.0 412.0 0.0 0.0 1.0 1.0
mass 36 726.0 412.0 0.0 0.0 -1.0 1.0
mass 37 0.0 346.0 0.0 0.0 -1.0 1.0
mass 38 66.0 346.0 0.0 0.0 1.0 1.0
mass 39 132.0 346.0 0.0 0.0 1.0 1.0
mass 40 198.0 346.0 0.0 0.0 1.0 1.0
mass 41 264.0 346.0 0.0 0.0 1.0 1.0
mass 42 330.0 346.0 0.0 0.0 1.0 1.0
mass 43 396.0 346.0 0.0 0.0 1.0 1.0
mass 44 462.0 346.0 0.0 0.0 1.0 1.0
mass 45 528.0 346.0 0.0 0.0 1.0 1.0
mass 46 594.0 346.0 0.0 0.0 1.0 1.0
mass 47 660.0 346.0 0.0 0.0 1.0 1.0
mass 48 726.0 346.0 0.0 0.0 -1.0 1.0
mass 49 0.0 280.0 0.0 0.0 -1.0 1.0
mass 50 66.0 280.0 0.0 0.0 1.0 1.0
mass 51 132.0 280.0 0.0 0.0 1.0 1.0
mass 52 198.0 280.0 0.0 0.0 1.0 1.0
mass 53 264.0 280.0 0.0 0.0 1.0 1.0
mass 54 330.0 280.0 0.0 0.0 1.0 1.0
mass 55 396.0 280.0 0.0 0.0 1.0 1.0
mass 56 462.0 280.0 0.0 0.0 1.0 1.0
mass 57 528.0 280.0 0.0 0.0 1.0 1.0
mass 58 594.0 280.0 0.0 0.0 1.0 1.0
mass 59 660.0 280.0 0.0 0.0 1.0 1.0
mass 60 726.0 280.0 0.0 0.0 -1.0 1.0
mass 61 0.0 214.0 0.0 0.0 -1.0 1.0
mass 62 66.0 214.0 0.0 0.0 1.0 1.0
mass 63 132.0 214.0 0.0 0.0 1.0 1.0
mass 64 198.0 214.0 0.0 0.0 1.0 1.0
mass 65 264.0 214.0 0.0 0.0 1.0 1.0
mass 66 330.0 214.0 0.0 0.0 1.0 1.0
mass 67 396.0 214.0 0.0 0.0 1.0 1.0
mass 68 462.0 214.0 0.0 0.0 1.0 1.0
mass 69 528.0 214.0 0.0 0.0 1.0 1.0
mass 70 594.0 214.0 0.0 0.0 1.0 1.0
mass 71 660.0 214.0 0.0 0.0 1.0 1.0
mass 72 726.0 214.0 0.0 0.0 -1.0 1.0
mass 73 0.0 148.0 0.0 0.0 -1.0 1.0
mass 74 66.0 148.0 0.0 0.0 1.0 1.0
mass 75 132.0 148.0 0.0 0.0 1.0 1.0
mass 76 198.0 148.0 0.0 0.0 1.0 1.0
mass 77 264.0 148.0 0.0 0.0 1.0 1.0
mass 78 330.0 148.0 0.0 0.0 1.0 1.0
mass 79 396.0 148.0 0.0 0.0 1.0 1.0
mass 80 462.0 148.0 0.0 0.0 1.0 1.0
mass 81 528.0 148.0 0.0 0.0 1.0 1.0
mass 82 594.0 148.0 0.0 0.0 1.0 1.0
mass 83 660.0 148.0 0.0 0.0 1.0 1.0
mass 84 726.0 148.0 0.0 0.0 -1.0 1.0
mass 85 0.0 82.0 0.0 0.0 -1.0 1.0
mass 86 66.0 82.0 0.0 0.0 1.0 1.0
mass 87 132.0 82.0 0.0 0.0 1.0 1.0
mass 88 198.0 82.0 0.0 0.0 1.0 1.0
mass 89 264.0 82.0 0.0 0.0 1.0 1.0
mass 90 330.0 82.0 0.0 0.0 1.0 1.0
mass 91 396.0 82.0 0.0 0.0 1.0 1.0
mass 92 462.0 82.0 0.0 0.0 1.0 1.0
mass 93 528.0 82.0 0.0 0.0 1.0 1.0
mass 94 594.0 82.0 0.0 0.0 1.0 1.0
mass 95 660.0 82.0 0.0 0.0 1.0 1.0
mass 96 726.0 82.0 0.0 0.0 -1.0 1.0
mass 97 0.0 16.0 0.0 0.0 -1.0 1.0
mass 98 66.0 16.0 0.0 0.0 -1.0 1.0
mass 99 132.0 16.0 0.0 0.0 -1.0 1.0
mass 100 198.0 16.0 0.0 0.0 -1.0 1.0
mass 101 264.0 16.0 0.0 0.0 -1.0 1.0
mass 102 330.0 16.0 0.0 0.0 -1.0 1.0
mass 103 396.0 16.0 0.0 0.0 -1.0 1.0
mass 104 462.0 16.0 0.0 0.0 -1.0 1.0
mass 105 528.0 16.0 0.0 0.0 -1.0 1.0
mass 106 594.0 16.0 0.0 0.0 -1.0 1.0
mass 107 660.0 16.0 0.0 0.0 -1.0 1.0
mass 108 726.0 16.0 0.0 0.0 -1.0 1.0
spng 1 1 2 18.0 0.500000 66.0
spng 2 13 14 18.0 0.500000 66.0
spng 3 25 26 18.0 0.500000 66.0
spng 4 37 38 18.0 0.500000 66.0
spng 5 49 50 18.0 0.500000 66.0
spng 6 61 62 18.0 0.500000 66.0
spng 7 73 74 18.0 0.500000 66.0
spng 8 85 86 18.0 0.500000 66.0
spng 9 97 98 18.0 0.500000 66.0
spng 10 2 3 18.0 0.500000 66.0
spng 11 14 15 18.0 0.500000 66.0
spng 12 26 27 18.0 0.500000 66.0
spng 13 38 39 18.0 0.500000 66.0
spng 14 50 51 18.0 0.500000 66.0
spng 15 62 63 18.0 0.500000 66.0
spng 16 74 75 18.0 0.500000 66.0
spng 17 86 87 18.0 0.500000 66.0
spng 18 98 99 18.0 0.500000 66.0
spng 19 3 4 18.0 0.500000 66.0
spng 20 15 16 18.0 0.500000 66.0
spng 21 27 28 18.0 0.500000 66.0
spng 22 39 40 18.0 0.500000 66.0
spng 23 51 52 18.0 0.500000 66.0
spng 24 63 64 18.0 0.500000 66.0
spng 25 75 76 18.0 0.500000 66.0
spng 26 87 88 18.0 0.500000 66.0
spng 27 99 100 18.0 0.500000 66.0
spng 28 4 5 18.0 0.500000 66.0
spng 29 16 17 18.0 0.500000 66.0
spng 30 28 29 18.0 0.500000 66.0
spng 31 40 41 18.0 0.500000 66.0
spng 32 52 53 18.0 0.500000 66.0
spng 33 64 65 18.0 0.500000 66.0
spng 34 76 77 18.0 0.500000 66.0
spng 35 88 89 18.0 0.500000 66.0
spng 36 100 101 18.0 0.500000 66.0
spng 37 5 6 18.0 0.500000 66.0
spng 38 17 18 18.0 0.500000 66.0
spng 39 29 30 18.0 0.500000 66.0
spng 40 41 42 18.0 0.500000 66.0
spng 41 53 54 18.0 0.500000 66.0
spng 42 65 66 18.0 0.500000 66.0
spng 43 77 78 18.0 0.500000 66.0
spng 44 89 90 18.0 0.500000 66.0
spng 45 101 102 18.0 0.500000 66.0
spng 46 6 7 18.0 0.500000 66.0
spng 47 18 19 18.0 0.500000 66.0
spng 48 30 31 18.0 0.500000 66.0
spng 49 42 43 18.0 0.500000 66.0
spng 50 54 55 18.0 0.500000 66.0
spng 51 66 67 18.0 0.500000 66.0
spng 52 78 79 18.0 0.500000 66.0
spng 53 90 91 18.0 0.500000 66.0
spng 54 102 103 18.0 0.500000 66.0
spng 55 7 8 18.0 0.500000 66.0
spng 56 19 20 18.0 0.500000 66.0
spng 57 31 32 18.0 0.500000 66.0
spng 58 43 44 18.0 0.500000 66.0
spng 59 55 56 18.0 0.500000 66.0
spng 60 67 68 18.0 0.500000 66.0
spng 61 79 80 18.0 0.500000 66.0
spng 62 91 92 18.0 0.500000 66.0
spng 63 103 104 18.0 0.500000 66.0
spng 64 8 9 18.0 0.500000 66.0
spng 65 20 21 18.0 0.500000 66.0
spng 66 32 33 18.0 0.500000 66.0
spng 67 44 45 18.0 0.500000 66.0
spng 68 56 57 18.0 0.500000 66.0
spng 69 68 69 18.0 0.500000 66.0
spng 70 80 81 18.0 0.500000 66.0
spng 71 92 93 18.0 0.500000 66.0
spng 72 104 105 18.0 0.500000 66.0
spng 73 9 10 18.0 0.500000 66.0
spng 74 21 22 18.0 0.500000 66.0
spng 75 33 34 18.0 0.500000 66.0
spng 76 45 46 18.0 0.500000 66.0
spng 77 57 58 18.0 0.500000 66.0
spng 78 69 70 18.0 0.500000 66.0
spng 79 81 82 18.0 0.500000 66.0
spng 80 93 94 18.0 0.500000 66.0
spng 81 105 106 18.0 0.500000 66.0
spng 82 10 11 18.0 0.500000 66.0
spng 83 22 23 18.0 0.500000 66.0
spng 84 34 35 18.0 0.500000 66.0
spng 85 46 47 18.0 0.500000 66.0
spng 86 58 59 18.0 0.500000 66.0
spng 87 70 71 18.0 0.500000 66.0
spng 88 82 83 18.0 0.500000 66.0
spng 89 94 95 18.0 0.500000 66.0
spng 90 106 107 18.0 0.500000 66.0
spng 91 11 12 18.0 0.500000 66.0
spng 92 23 24 18.0 0.500000 66.0
spng 93 35 36 18.0 0.500000 66.0
spng 94 47 48 18.0 0.500000 66.0
spng 95 59 60 18.0 0.500000 66.0
spng 96 71 72 18.0 0.500000 66.0
spng 97 83 84 18.0 0.500000 66.0
spng 98 95 96 18.0 0.500000 66.0
spng 99 107 108 18.0 0.500000 66.0
spng 100 1 13 18.0 0.500000 66.0
spng 101 13 25 18.0 0.500000 66.0
spng 102 25 37 18.0 0.500000 66.0
spng 103 37 49 18.0 0.500000 66.0
spng 104 49 61 18.0 0.500000 66.0
spng 105 61 73 18.0 0.500000 66.0
spng 106 73 85 18.0 0.500000 66.0
spng 107 85 97 18.0 0.500000 66.0
spng 108 2 14 18.0 0.500000 66.0
spng 109 14 26 18.0 0.500000 66.0
spng 110 26 38 18.0 0.500000 66.0
spng 111 38 50 18.0 0.500000 66.0
spng 112 50 62 18.0 0.500000 66.0
spng 113 62 74 18.0 0.500000 66.0
spng 114 74 86 18.0 0.500000 66.0
spng 115 86 98 18.0 0.500000 66.0
spng 116 3 15 18.0 0.500000 66.0
spng 117 15 27 18.0 0.500000 66.0
spng 118 27 39 18.0 0.500000 66.0
spng 119 39 51 18.0 0.500000 66.0
spng 120 51 63 18.0 0.500000 66.0
spng 121 63 75 18.0 0.500000 66.0
spng 122 75 87 18.0 0.500000 66.0
spng 123 87 99 18.0 0.500000 66.0
spng 124 4 16 18.0 0.500000 66.0
spng 125 16 28 18.0 0.500000 66.0
spng 126 28 40 18.0 0.500000 66.0
spng 127 40 52 18.0 0.500000 66.0
spng 128 52 64 18.0 0.500000 66.0
spng 129 64 76 18.0 0.500000 66.0
spng 130 76 88 18.0 0.500000 66.0
spng 131 88 100 18.0 0.500000 66.0
spng 132 5 17 18.0 0.500000 66.0
spng 133 17 29 18.0 0.500000 66.0
spng 134 29 41 18.0 0.500000 66.0
spng 135 41 53 18.0 0.500000 66.0
spng 136 53 65 18.0 0.500000 66.0
spng 137 65 77 18.0 0.500000 66.0
spng 138 77 89 18.0 0.500000 66.0
spng 139 89 101 18.0 0.500000 66.0
spng 140 6 18 18.0 0.500000 66.0
spng 141 18 30 18.0 0.500000 66.0
spng 142 30 42 18.0 0.500000 66.0
spng 143 42 54 18.0 0.500000 66.0
spng 144 54 66 18.0 0.500000 66.0
spng 145 66 78 18.0 0.500000 66.0
spng 146 78 90 18.0 0.500000 66.0
spng 147 90 102 18.0 0.500000 66.0
spng 148 7 19 18.0 0.500000 66.0
spng 149 19 31 18.0 0.500000 66.0
spng 150 31 43 18.0 0.500000 66.0
spng 151 43 55 18.0 0.500000 66.0
spng 152 55 67 18.0 0.500000 66.0
spng 153 67 79 18.0 0.500000 66.0
spng 154 79 91 18.0 0.500000 66.0
spng 155 91 103 18.0 0.500000 66.0
spng 156 8 20 18.0 0.500000 66.0
spng 157 20 32 18.0 0.500000 66.0
spng 158 32 44 18.0 0.500000 66.0
spng 159 44 56 18.0 0.500000 66.0
spng 160 56 68 18.0 0.500000 66.0
spng 161 68 80 18.0 0.500000 66.0
spng 162 80 92 18.0 0.500000 66.0
spng 163 92 104 18.0 0.500000 66.0
spng 164 9 21 18.0 0.500000 66.0
spng 165 21 33 18.0 0.500000 66.0
spng 166 33 45 18.0 0.500000 66.0
spng 167 45 57 18.0 0.500000 66.0
spng 168 57 69 18.0 0.500000 66.0
spng 169 69 81 18.0 0.500000 66.0
spng 170 81 93 18.0 0.500000 66.0
spng 171 93 105 18.0 0.500000 66.0
spng 172 10 22 18.0 0.500000 66.0
spng 173 22 34 18.0 0.500000 66.0
spng 174 34 46 18.0 0.500000 66.0
spng 175 46 58 18.0 0.500000 66.0
spng 176 58 70 18.0 0.500000 66.0
spng 177 70 82 18.0 0.500000 66.0
spng 178 82 94 18.0 0.500000 66.0
spng 179 94 106 18.0 0.500000 66.0
spng 180 11 23 18.0 0.500000 66.0
spng 181 23 35 18.0 0.500000 66.0
spng 182 35 47 18.0 0.500000 66.0
spng 183 47 59 18.0 0.500000 66.0
spng 184 59 71 18.0 0.500000 66.0
spng 185 71 83 18.0 0.500000 66.0
spng 186 83 95 18.0 0.500000 66.0
spng 187 95 107 18.0 0.500000 66.0
spng 188 12 24 18.0 0.500000 66.0
spng 189 24 36 18.0 0.500000 66.0
spng 190 36 48 18.0 0.500000 66.0
spng 191 48 60 18.0 0.500000 66.0
spng 192 60 72 18.0 0.500000 66.0
spng 193 72 84 18.0 0.500000 66.0
spng 194 84 96 18.0 0.500000 66.0
spng 195 96 108 18.0 0.500000 66.0
\BARFOO\
else
  echo "will not over write ./lib/mesh.xsp"
fi
echo "Finished archive 10 of 16"
exit

exit 0 # Just in case...
-- 
  // chris@IMD.Sterling.COM            | Send comp.sources.x submissions to:
\X/  Amiga - The only way to fly!      |
 "It's intuitively obvious to the most |    sources-x@imd.sterling.com
  casual observer..."                  |
