Newsgroups: comp.sources.x
From: dmd@gradient.cis.upenn.edu (Douglas DeCarlo)
Subject: v19i061:  xspringies - it's a spring simulator...no, it's a game, Part09/16
Message-ID: <1993Mar26.161318.10072@sparky.imd.sterling.com>
X-Md4-Signature: 89c504cea3094ca9bc01b7c29bb0b189
Date: Fri, 26 Mar 1993 16:13:18 GMT
Approved: chris@sparky.imd.sterling.com

Submitted-by: dmd@gradient.cis.upenn.edu (Douglas DeCarlo)
Posting-number: Volume 19, Issue 61
Archive-name: xspringies/part09
Environment: X11
Supersedes: xspringies: Volume 14, Issue 25-30

#!/bin/sh
# to extract, remove the header and type "sh filename"
if `test ! -d ./lib`
then
  mkdir ./lib
  echo "mkdir ./lib"
fi
if `test ! -s ./lib/nifty.xsp`
then
echo "writting ./lib/nifty.xsp"
cat > ./lib/nifty.xsp << '\BARFOO\'
#1.0 *** XSpringies data file
cmas 1
elas 0.1
kspr 200
kdmp 1.5
fixm 0
shws 1
cent -1
frce 0 1 10 0
frce 1 0 5 2
frce 2 0 10 0
frce 3 0 10000 1
visc 0
stck 0
step 0.025
prec 1
adpt 0
gsnp 20 0
wall 1 1 1 1
mass 1 148.581450999999987 350.573888000000011 0 -7.75 1 0.1
mass 2 168.564277000000004 351.402524000000028 0 -7.75 1 0.1
mass 3 188.54710399999999 352.231158999999991 0 -7.75 1 0.1
mass 4 208.529931000000005 353.059794000000011 0 -7.75 1 0.1
mass 5 228.512757999999991 353.888428999999974 0 -7.75 1 0.1
mass 6 248.495584000000008 354.717063999999993 0 -7.75 1 0.1
mass 7 149.410086000000007 330.591061000000025 0 -7.75 1 0.1
mass 8 150.238720999999998 310.608234999999979 0 -7.75 1 0.1
mass 9 151.06735599999999 290.625407999999993 0 -7.75 1 0.1
mass 10 151.895991000000009 270.642581000000007 0 -7.75 1 0.1
mass 11 152.724626000000001 250.65975499999999 0 -7.75 1 0.1
mass 12 172.707452999999987 251.48839000000001 0 -7.749999 1 0.1
mass 13 192.690280000000001 252.317025000000001 0 -7.75 1 0.1
mass 14 212.67310599999999 253.145659999999992 0 -7.75 1 0.1
mass 15 232.655933000000005 253.974295000000012 0 -7.75 1 0.1
mass 16 252.638759999999991 254.802930000000003 0 -7.75 1 0.1
mass 17 251.810124999999999 274.78575699999999 0 -7.75 1 0.1
mass 18 250.98148900000001 294.768583999999976 0 -7.75 1 0.1
mass 19 249.324218999999999 334.734237000000007 0 -7.75 1 0.1
mass 20 250.152853999999991 314.751410000000021 0 -7.75 1 0.1
spng 1 1 2 200 1.5 20
spng 2 2 3 200 1.5 20
spng 3 3 4 200 1.5 20
spng 4 4 5 200 1.5 20
spng 5 5 6 200 1.5 20
spng 6 6 19 200 1.5 20
spng 7 19 20 200 1.5 20
spng 8 20 18 200 1.5 20
spng 9 18 17 200 1.5 20
spng 10 17 16 200 1.5 20
spng 11 16 15 200 1.5 20
spng 12 15 14 200 1.5 20
spng 13 14 13 200 1.5 20
spng 14 13 12 200 1.5 20
spng 15 12 11 200 1.5 20
spng 16 11 10 200 1.5 20
spng 17 10 9 200 1.5 20
spng 18 9 8 200 1.5 20
spng 19 8 7 200 1.5 20
spng 20 7 1 200 1.5 20
spng 21 1 19 200 1.5 101.98039
spng 22 19 14 200 1.5 89.4427189999999968
spng 23 14 8 200 1.5 84.8528139999999951
spng 24 8 5 200 1.5 89.4427189999999968
spng 25 5 16 200 1.5 101.98039
spng 26 16 10 200 1.5 101.98039
spng 27 10 3 200 1.5 89.4427189999999968
spng 28 3 18 200 1.5 84.8528139999999951
spng 29 18 12 200 1.5 89.4427189999999968
spng 30 12 1 200 1.5 101.98039
spng 31 2 20 200 1.5 89.4427189999999968
spng 32 20 13 200 1.5 84.8528139999999951
spng 33 13 7 200 1.5 89.4427189999999968
spng 34 7 6 200 1.5 101.98039
spng 35 6 15 200 1.5 101.98039
spng 36 15 9 200 1.5 89.4427189999999968
spng 37 9 4 200 1.5 84.8528139999999951
spng 38 4 17 200 1.5 89.4427189999999968
spng 39 17 11 200 1.5 101.98039
spng 40 11 2 200 1.5 101.98039
\BARFOO\
else
  echo "will not over write ./lib/nifty.xsp"
fi
if `test ! -s ./lib/nifty12.xsp`
then
echo "writting ./lib/nifty12.xsp"
cat > ./lib/nifty12.xsp << '\BARFOO\'
#1.0 *** XSpringies data file
cmas 1
elas 0.5
kspr 1000
kdmp 1
fixm 0
shws 1
cent -1
frce 0 1 10 0
frce 1 0 5 2
frce 2 0 10 0
frce 3 0 10000 1
visc 0
stck 0
step 0.05
prec 1
adpt 0
gsnp 20 0
wall 1 1 1 1
mass 1 170 434 0 0 1 0.5
mass 2 170 414 0 0 1 0.5
mass 3 170 394 0 0 1 0.5
mass 4 170 374 0 0 1 0.5
mass 5 190 434 0 0 1 0.5
mass 6 210 434 0 0 1 0.5
mass 7 230 434 0 0 1 0.5
mass 8 250 434 0 0 1 0.5
mass 9 170 354 0 0 1 0.5
mass 10 170 334 0 0 1 0.5
mass 11 170 314 0 0 1 0.5
mass 12 270 434 0 0 1 0.5
mass 13 290 434 0 0 1 0.5
mass 14 310 434 0 0 1 0.5
mass 15 170 294 0 0 1 0.5
mass 16 170 274 0 0 1 0.5
mass 17 170 254 0 0 1 0.5
mass 18 330 434 0 0 1 0.5
mass 19 350 434 0 0 1 0.5
mass 20 170 234 0 0 1 0.5
mass 21 170 214 0 0 1 0.5
mass 22 370 434 0 0 1 0.5
mass 23 390 434 0 0 1 0.5
mass 24 390 414 0 0 1 0.5
mass 25 390 394 0 0 1 0.5
mass 26 390 374 0 0 1 0.5
mass 27 390 354 0 0 1 0.5
mass 28 390 334 0 0 1 0.5
mass 29 390 314 0 0 1 0.5
mass 30 390 294 0 0 1 0.5
mass 31 390 274 0 0 1 0.5
mass 32 390 254 0 0 1 0.5
mass 33 390 234 0 0 1 0.5
mass 34 390 214 0 0 1 0.5
mass 35 370 214 0 0 1 0.5
mass 36 350 214 0 0 1 0.5
mass 37 330 214 0 0 1 0.5
mass 38 310 214 0 0 1 0.5
mass 39 290 214 0 0 1 0.5
mass 40 270 214 0 0 1 0.5
mass 41 250 214 0 0 1 0.5
mass 42 230 214 0 0 1 0.5
mass 43 210 214 0 0 1 0.5
mass 44 190 214 0 0 1 0.5
spng 1 1 2 100 1 20
spng 2 2 3 100 1 20
spng 3 1 5 100 1 20
spng 4 5 6 100 1 20
spng 5 6 7 100 1 20
spng 6 7 8 100 1 20
spng 7 8 12 100 1 20
spng 8 12 13 100 1 20
spng 9 13 14 100 1 20
spng 10 14 18 100 1 20
spng 11 18 19 100 1 20
spng 12 19 22 100 1 20
spng 13 22 23 100 1 20
spng 14 3 4 100 1 20
spng 15 4 9 100 1 20
spng 16 9 10 100 1 20
spng 17 10 11 100 1 20
spng 18 11 15 100 1 20
spng 19 15 16 100 1 20
spng 20 16 17 100 1 20
spng 21 17 20 100 1 20
spng 22 20 21 100 1 20
spng 23 21 44 100 1 20
spng 24 44 43 100 1 20
spng 25 43 42 100 1 20
spng 26 42 41 100 1 20
spng 27 41 40 100 1 20
spng 28 39 40 100 1 20
spng 29 39 38 100 1 20
spng 30 38 37 100 1 20
spng 31 37 36 100 1 20
spng 32 36 35 100 1 20
spng 33 35 34 100 1 20
spng 34 34 33 100 1 20
spng 35 33 32 100 1 20
spng 36 32 31 100 1 20
spng 37 31 30 100 1 20
spng 38 30 29 100 1 20
spng 39 29 28 100 1 20
spng 40 28 27 100 1 20
spng 41 27 26 100 1 20
spng 42 26 25 100 1 20
spng 43 25 24 100 1 20
spng 44 24 23 100 1 20
spng 45 1 24 100 1 220.907220343745223
spng 46 5 25 100 1 203.960780543711394
spng 47 6 26 100 1 189.736659610102748
spng 48 7 27 100 1 178.885438199983184
spng 49 8 28 100 1 172.046505340852548
spng 50 12 29 100 1 169.705627484771412
spng 51 13 30 100 1 172.046505340852548
spng 52 14 31 100 1 178.885438199983184
spng 53 18 32 100 1 189.736659610102748
spng 54 19 33 100 1 203.960780543711394
spng 55 22 34 100 1 220.907220343745223
spng 56 1 44 100 1 220.907220343745223
spng 57 2 43 100 1 203.960780543711394
spng 58 3 42 100 1 189.736659610102748
spng 59 4 41 100 1 178.885438199983184
spng 60 9 40 100 1 172.046505340852548
spng 61 10 39 100 1 169.705627484771412
spng 62 11 38 100 1 172.046505340852548
spng 63 15 37 100 1 178.885438199983184
spng 64 16 36 100 1 189.736659610102748
spng 65 17 35 100 1 203.960780543711394
spng 66 20 34 100 1 220.907220343745223
spng 67 23 35 100 1 220.907220343745223
spng 68 24 36 100 1 203.960780543711394
spng 69 25 37 100 1 189.736659610102748
spng 70 26 38 100 1 178.885438199983184
spng 71 27 39 100 1 172.046505340852548
spng 72 28 40 100 1 169.705627484771412
spng 73 29 41 100 1 172.046505340852548
spng 74 30 42 100 1 178.885438199983184
spng 75 31 43 100 1 189.736659610102748
spng 76 32 44 100 1 203.960780543711394
spng 77 33 21 100 1 220.907220343745223
spng 78 23 2 100 1 220.907220343745223
spng 79 22 3 100 1 203.960780543711394
spng 80 19 4 100 1 189.736659610102748
spng 81 18 9 100 1 178.885438199983184
spng 82 14 10 100 1 172.046505340852548
spng 83 13 11 100 1 169.705627484771412
spng 84 12 15 100 1 172.046505340852548
spng 85 8 16 100 1 178.885438199983184
spng 86 7 17 100 1 189.736659610102748
spng 87 6 20 100 1 203.960780543711394
spng 88 5 21 100 1 220.907220343745223
\BARFOO\
else
  echo "will not over write ./lib/nifty12.xsp"
fi
if `test ! -s ./lib/octanifty.xsp`
then
echo "writting ./lib/octanifty.xsp"
cat > ./lib/octanifty.xsp << '\BARFOO\'
#1.0 *** XSpringies data file
cmas 1
elas 1
kspr 10
kdmp 1
fixm 0
shws 1
cent -1
frce 0 0 10 0
frce 1 0 5 2
frce 2 0 10 0
frce 3 0 10000 1
visc 0
stck 0
step 0.025
prec 1
adpt 0
gsnp 20 0
wall 1 1 1 1
mass 1 180 350 0 0 1 0.5
mass 2 200 350 0 0 1 0.5
mass 3 220 350 0 0 1 0.5
mass 4 240 350 0 0 1 0.5
mass 5 260 350 0 0 1 0.5
mass 6 280 350 0 0 1 0.5
mass 7 160 330 0 0 1 0.5
mass 8 300 330 0 0 1 0.5
mass 9 140 310 0 0 1 0.5
mass 10 320 310 0 0 1 0.5
mass 11 120 290 0 0 1 0.5
mass 12 120 270 0 0 1 0.5
mass 13 120 250 0 0 1 0.5
mass 14 120 230 0 0 1 0.5
mass 15 120 210 0 0 1 0.5
mass 16 120 190 0 0 1 0.5
mass 17 340 290 0 0 1 0.5
mass 18 340 270 0 0 1 0.5
mass 19 340 250 0 0 1 0.5
mass 20 340 230 0 0 1 0.5
mass 21 340 210 0 0 1 0.5
mass 22 340 190 0 0 1 0.5
mass 23 140 170 0 0 1 0.5
mass 24 320 170 0 0 1 0.5
mass 25 300 150 0 0 1 0.5
mass 26 280 130 0 0 1 0.5
mass 27 160 150 0 0 1 0.5
mass 28 180 130 0 0 1 0.5
mass 29 200 130 0 0 1 0.5
mass 30 220 130 0 0 1 0.5
mass 31 240 130 0 0 1 0.5
mass 32 260 130 0 0 1 0.5
spng 1 1 17 100 1 170.880074906350615
spng 2 2 18 100 1 161.245154965970983
spng 3 3 19 100 1 156.20499351813308
spng 4 4 20 100 1 156.20499351813308
spng 5 5 21 100 1 161.245154965970983
spng 6 6 22 100 1 170.880074906350615
spng 7 11 6 100 1 170.880074906350615
spng 8 12 5 100 1 161.245154965970983
spng 9 13 4 100 1 156.20499351813308
spng 10 14 3 100 1 156.20499351813308
spng 11 2 15 100 1 161.245154965970983
spng 12 16 1 100 1 170.880074906350615
spng 13 16 26 100 1 170.880074906350615
spng 14 32 15 100 1 161.245154965970983
spng 15 14 31 100 1 156.20499351813308
spng 16 30 13 100 1 156.20499351813308
spng 17 12 29 100 1 161.245154965970983
spng 18 28 11 100 1 170.880074906350615
spng 19 22 28 100 1 170.880074906350615
spng 20 29 21 100 1 161.245154965970983
spng 21 20 30 100 1 156.20499351813308
spng 22 31 19 100 1 156.20499351813308
spng 23 18 32 100 1 161.245154965970983
spng 24 26 17 100 1 170.880074906350615
spng 25 7 10 100 1 161.245154965970983
spng 26 9 8 100 1 161.245154965970983
spng 27 8 24 100 1 161.245154965970983
spng 28 25 10 100 1 161.245154965970983
spng 29 7 23 100 1 161.245154965970983
spng 30 9 27 100 1 161.245154965970983
spng 31 23 25 100 1 161.245154965970983
spng 32 24 27 100 1 161.245154965970983
spng 33 11 9 100 1 28.284271247461902
spng 34 9 7 100 1 28.284271247461902
spng 35 7 1 100 1 28.284271247461902
spng 36 1 2 100 1 20
spng 37 2 3 100 1 20
spng 38 3 4 100 1 20
spng 39 4 5 100 1 20
spng 40 5 6 100 1 20
spng 41 6 8 100 1 28.284271247461902
spng 42 8 10 100 1 28.284271247461902
spng 43 10 17 100 1 28.284271247461902
spng 44 17 18 100 1 20
spng 45 18 19 100 1 20
spng 46 19 20 100 1 20
spng 47 20 21 100 1 20
spng 48 21 22 100 1 20
spng 49 22 24 100 1 28.284271247461902
spng 50 24 25 100 1 28.284271247461902
spng 51 25 26 100 1 28.284271247461902
spng 52 26 32 100 1 20
spng 53 32 31 100 1 20
spng 54 31 30 100 1 20
spng 55 30 29 100 1 20
spng 56 29 28 100 1 20
spng 57 28 27 100 1 28.284271247461902
spng 58 27 23 100 1 28.284271247461902
spng 59 23 16 100 1 28.284271247461902
spng 60 16 15 100 1 20
spng 61 15 14 100 1 20
spng 62 14 13 100 1 20
spng 63 13 12 100 1 20
spng 64 12 11 100 1 20
\BARFOO\
else
  echo "will not over write ./lib/octanifty.xsp"
fi
if `test ! -s ./lib/pend.xsp`
then
echo "writting ./lib/pend.xsp"
cat > ./lib/pend.xsp << '\BARFOO\'
#1.0 *** XSpringies data file
cmas 0.400000
elas 1.0
kspr 10.0
kdmp 5.0
fixm 0
shws 1
cent -1
frce 0 1 10.0 0.0
frce 1 0 5.0 2.0
frce 2 0 10.0 0.0
frce 3 0 10000.0 1.0
visc 0.0
stck 0.0
step 0.050000
prec 1.0
adpt 0
gsnp 20.0 0
wall 0 0 0 0
mass 1 542.0 403.0 0.0 0.0 -1.0 1.0
mass 2 110.0 410.0 0.0 0.0 -1.0 1.0
mass 3 128.0 189.0 0.0 0.0 -1.0 1.0
mass 4 542.000550 439.714724 0.000005 0.0 4.860000 1.0
mass 5 542.000092 545.273040 0.0 0.0 2.566667 1.0
mass 6 110.000172 497.623789 0.0 0.0 6.573333 1.0
mass 7 110.000078 537.774346 0.0 0.0 1.973333 1.0
mass 8 128.303139 281.517759 0.000901 -0.000002 9.020000 1.0
mass 9 128.328227 328.325760 -0.001437 0.0 3.053333 1.0
mass 10 128.910731 352.455526 0.004823 -0.000150 1.0 1.0
mass 11 327.0 405.0 0.0 0.0 -1.0 1.0
mass 12 327.006168 505.861534 0.000012 0.0 11.173333 1.0
mass 13 314.0 193.0 0.0 0.0 -1.0 1.0
mass 14 314.062004 226.672686 0.000388 -0.000148 8.680000 1.0
mass 15 314.150118 279.541838 0.000327 -0.000203 4.073333 1.0
mass 16 314.342320 387.496158 0.000356 -0.000214 1.0 1.0
mass 17 530.0 191.0 0.0 0.0 -1.0 1.0
mass 18 530.480508 223.413144 0.005579 -0.000093 7.666667 1.0
mass 19 530.671757 248.769962 0.001509 -0.000064 1.966667 1.0
mass 20 530.216461 304.446021 -0.001475 -0.000119 3.920000 1.0
mass 21 530.728001 336.415585 0.003196 -0.000195 0.840000 1.0
spng 1 2 6 200.0 5.0 88.051122
spng 2 6 7 200.0 5.0 40.249224
spng 3 9 10 200.0 5.0 24.186773
spng 4 3 8 200.0 5.0 93.171884
spng 5 8 9 200.0 5.0 47.010637
spng 6 11 12 200.0 5.0 101.420201
spng 7 13 14 200.0 5.0 34.359830
spng 8 14 15 200.0 5.0 53.122632
spng 9 15 16 200.0 5.0 108.004438
spng 10 1 4 200.0 5.0 37.086057
spng 11 4 5 200.0 5.0 105.686650
spng 12 17 18 200.0 5.0 33.136083
spng 13 18 19 200.0 5.0 25.455844
spng 14 18 20 200.0 5.0 81.271151
spng 15 20 21 200.0 5.0 32.015621
\BARFOO\
else
  echo "will not over write ./lib/pend.xsp"
fi
if `test ! -s ./lib/pendbees.xsp`
then
echo "writting ./lib/pendbees.xsp"
cat > ./lib/pendbees.xsp << '\BARFOO\'
#1.0 *** XSpringies data file
cmas 1.0
elas 0.500000
kspr 1.0
kdmp 5.0
fixm 0
shws 1
cent 2
frce 0 1 10.0 0.0
frce 1 0 5.0 2.0
frce 2 1 100.0 0.0
frce 3 0 10000.0 1.0
visc 0.0
stck 0.0
step 0.050000
prec 1.0
adpt 0
gsnp 20.0 0
wall 1 1 1 1
mass 1 292.0 369.0 0.0 0.0 -10.0 0.500000
mass 2 200.946362 243.531754 4.296648 -3.190722 10.0 0.500000
mass 3 219.374753 156.916979 40.429966 95.236370 1.0 0.500000
mass 4 296.278086 98.593745 55.958965 -28.513296 1.0 0.500000
mass 5 144.590956 246.440923 -3.574704 -85.589201 1.0 0.500000
mass 6 125.354318 235.486575 30.806894 -3.545221 1.0 0.500000
mass 7 234.477807 227.723201 -2.977061 20.418804 1.0 0.500000
mass 8 198.516279 241.518837 11.929557 -16.282766 1.0 0.500000
mass 9 109.004530 142.158076 19.659490 -13.717909 1.0 0.500000
spng 1 2 1 100.0 5.0 154.207652
\BARFOO\
else
  echo "will not over write ./lib/pendbees.xsp"
fi
if `test ! -s ./lib/pendwave.xsp`
then
echo "writting ./lib/pendwave.xsp"
cat > ./lib/pendwave.xsp << '\BARFOO\'
#1.0 *** XSpringies data file
cmas 5
elas 1
kspr 10
kdmp 1
fixm 0
shws 1
cent -1
frce 0 1 10 0
frce 1 0 5 2
frce 2 0 10 0
frce 3 0 10000 1
visc 0
stck 0
step 0.025
prec 1
adpt 0
gsnp 20 0
wall 0 0 0 0
mass 1 81.6397290000000027 302.925049999999999 0 0 -0.5 1
mass 2 118.729846489619362 287.666731974590846 0 0 0.5 1
mass 3 155.497884663999514 272.495399630665531 0 0 0.5 1
mass 4 192.215867846832026 257.299213040903112 0 0 0.5 1
mass 5 228.883868543773929 242.078209090648073 0 0 0.5 1
mass 6 265.50195904023758 226.832424569283603 0 0 0.5 1
mass 7 302.070211313395646 211.561896106128046 0 0 0.5 1
mass 8 338.588696944257038 196.266660106376293 0 0 0.5 1
mass 9 375.057487029906099 180.94675268716469 0 0 5 1
mass 10 398.444618519282812 196.246884594991116 0 0 0.5 1
mass 11 421.782846005191118 211.533974485895357 0 0 0.5 1
mass 12 445.072071590107328 226.80800808547167 0 0 0.5 1
mass 13 468.312196677159875 242.068971211829592 0 0 0.5 1
mass 14 491.503122047847228 257.316849800958096 0 0 0.5 1
mass 15 514.644747940337993 272.551629931889238 0 0 0.5 1
mass 16 537.736974128273914 287.773297851652046 0 0 0.5 1
mass 17 560.779700000000048 302.981839999999977 0 0 -0.5 1
mass 18 321 303 0 0 -1 1
spng 1 1 2 100 1 8
spng 2 2 3 100 1 8
spng 3 3 4 100 1 8
spng 4 4 5 100 1 8
spng 5 5 6 100 1 8
spng 6 6 7 100 1 8
spng 7 7 8 100 1 8
spng 8 8 9 100 1 8
spng 9 9 10 100 1 8
spng 10 10 11 100 1 8
spng 11 11 12 100 1 8
spng 12 12 13 100 1 8
spng 13 13 14 100 1 8
spng 14 14 15 100 1 8
spng 15 15 16 100 1 8
spng 16 16 17 100 1 8
spng 17 9 18 400 4 140
\BARFOO\
else
  echo "will not over write ./lib/pendwave.xsp"
fi
if `test ! -s ./lib/person1.xsp`
then
echo "writting ./lib/person1.xsp"
cat > ./lib/person1.xsp << '\BARFOO\'
#1.0 *** XSpringies data file
cmas 1
elas 1
kspr 10
kdmp 1
fixm 0
shws 1
cent -1
frce 0 0 10 0
frce 1 0 5 2
frce 2 0 10 0
frce 3 0 10000 1
visc 0
stck 0
step 0.3511854587
prec 1
adpt 1
gsnp 10 1
wall 1 1 1 1
mass 1 204.886727261 259.620568731 -1.67486949674 1.76948372819 1 1
mass 2 198.13311423 241.040914987 -0.487940614861 1.35643112061 1 1
mass 3 187.684480794 267.234222316 -2.14646378356 0.600628104569 1 1
mass 4 179.630375164 248.411781854 -1.14161270252 0.221969795027 1 1
mass 5 169.496468125 275.062075787 -2.53222852453 -0.289221663128 1 1
mass 6 161.474623565 256.728449547 -1.64209384511 -0.695931323623 1 1
mass 7 145.401568917 279.732989502 -1.8999546384 -0.859337127139 1 1
mass 8 145.593666616 259.950285647 -2.10535541997 -0.88772672029 1 1
mass 9 126.059290287 280.498412178 -1.87996392893 -0.735728715929 1 1
mass 10 125.631648823 258.488609731 -2.07927747701 -0.661637876239 1 1
mass 11 107.978077244 279.683059801 -1.94074716802 -0.508894497438 1 1
mass 12 105.234803734 260.04014539 -2.07312690142 -0.50428853568 1 1
mass 15 214.444772868 262.581709455 -0.9018583986 1.64331468729 1 1
mass 16 230.558842041 252.960828274 -1.74102996642 1.04880360578 1 1
mass 17 245.470459291 241.439739349 -2.01925828018 -0.00923299403737 1 1
mass 18 256.913751898 227.275565402 -2.1551727978 -1.04144679093 1 1
mass 19 270.047936628 212.570722811 -1.73859779035 -1.78018583523 1 1
mass 20 284.654440038 220.480161097 -0.978534546469 -3.01832690102 1 1
mass 21 299.406434187 235.212060253 -1.85431410735 -2.37536990719 1 1
mass 22 286.812582482 254.302639395 -1.37635952498 -2.01087090359 1 1
mass 23 270.437542672 271.390288471 -0.743725323131 -1.26471756792 1 1
mass 24 252.217865999 287.714047552 0.155740088188 0.11209163773 1 1
mass 25 232.568619124 297.012655493 0.806819925383 0.927824031103 1 1
mass 26 225.545175897 278.799650451 1.12406637941 0.41901508463 1 1
mass 27 245.486882792 317.485129941 1.11990019775 0.615678409171 1 1
mass 28 261.190216876 307.94403364 1.04851357755 0.75839258525 1 1
mass 29 257.043157517 335.408657593 1.21020029531 0.689667991767 1 1
mass 30 272.834049308 327.347330226 1.05349307085 0.954058942649 1 1
mass 31 265.228327446 354.570869599 1.01701260428 0.953254148793 1 1
mass 32 282.60068638 347.124280935 1.01709321259 1.14853324216 1 1
mass 33 286.404441803 377.521808668 0.270942951295 1.32927926385 1 1
mass 34 294.827815974 360.919827259 0.912836309115 1.7105424452 1 1
mass 35 306.4216006 387.674121706 -0.238988278481 1.95562042769 1 1
mass 36 313.671500336 371.856545217 0.557862797866 2.35585681541 1 1
mass 37 333.069065719 400.118607466 -1.64587209953 3.33284983197 1 1
mass 38 332.401561896 380.881558139 0.347022461845 3.75468129492 1 1
mass 39 257.666728165 237.391138204 -0.62759047744 -1.99132060014 1 1
mass 40 254.49376004 220.641815636 -1.49068338704 -2.00637177749 1 1
mass 41 239.951413178 245.017445779 -0.084870487519 -1.27908799601 1 1
mass 42 232.112383208 225.423624756 -1.34144926739 -0.809987707009 1 1
mass 43 219.040317175 249.460197306 0.39452865453 0.157087584438 1 1
mass 44 213.608863911 232.276243386 -1.08801453877 0.663827982597 1 1
mass 45 184.863150919 224.078296415 -1.19587220139 0.18892080629 1 1
mass 46 203.465487027 224.249344199 -1.24207524033 0.97874172765 1 1
mass 47 183.427858785 202.503893882 -0.598818303524 0.397036995079 1 1
mass 48 204.425537895 205.415613887 -0.643425528988 0.707179157902 1 1
mass 49 187.246173376 182.864907697 -0.443607195031 0.479079070731 1 1
mass 50 206.797280034 185.988235225 -0.467895076499 0.654291655064 1 1
mass 51 306.808156623 212.643834552 0.0356376905782 -1.78416877572 1 1
mass 53 323.768861204 199.337577475 1.75565920945 0.176310861576 1 1
mass 54 320.3028547 227.086522255 -1.33076245043 -0.482229352183 1 1
mass 55 335.590643951 214.114591562 0.208480259914 1.22305830562 1 1
mass 56 343.068833995 190.394758318 2.66674927179 1.83839110409 1 1
mass 57 353.056709601 206.72528973 1.20716479916 2.75011640727 1 1
mass 58 370.574101816 183.872282428 1.81442519715 3.21952039381 1 1
mass 59 368.691639016 202.995921086 1.99150428876 3.28099068525 1 1
mass 60 391.417577278 185.351976635 1.73315838193 2.98897388194 1 1
mass 61 388.057697747 205.393349031 2.26100257555 2.94850282396 1 1
mass 62 411.34752746 188.167627469 1.91572046815 2.42783177277 1 1
mass 63 408.868279834 207.262118519 2.26664232781 2.47091877412 1 1
mass 64 202.285314503 284.919601791 0.707876585199 2.35666418737 1 1
mass 65 203.662563846 264.018315545 -0.988046353 2.31969202232 1 1
mass 66 195.012993215 303.305086973 1.99932381409 2.95987368543 1 1
mass 67 184.269270381 259.634304404 -1.34511666852 3.79863247481 1 1
mass 68 165.529610322 255.484913692 -1.66711449525 5.24478050269 1 1
mass 69 161.217246864 274.950135794 -0.139042020865 5.57023253213 1 1
mass 72 156.279567034 294.17829036 1.32879936829 5.9360179046 1 1
mass 73 175.290539506 298.81012512 1.6484585405 4.4843582627 1 1
mass 74 50 510 0 0 -1 1
mass 75 590 510 0 0 -1 1
mass 76 580 40 0 0 -1 1
mass 77 50 30 0 0 -1 1
mass 80 167.613940858 178.982565069 -0.408678227168 0.29645155605 1 1
mass 81 165.714590569 188.815304856 -0.501693236171 0.277996486573 1 1
mass 82 406.563689809 226.981534 2.74806839193 2.5360108988 1 1
mass 83 396.650041726 226.022169185 2.72659674319 2.7615457029 1 1
mass 84 88.2410653591 282.688072121 -1.92752941293 -0.398663603574 1 1
mass 85 85.3929152825 262.702216147 -2.05279830311 -0.364882284337 1 1
mass 86 76.8907840246 274.153262955 -1.97866025063 -0.323321555902 1 1
mass 87 100.043562926 291.305242682 -1.91074727908 -0.482743725319 1 1
mass 88 352.289715833 379.499922878 0.861813191086 4.67098953564 1 1
mass 89 362.789220842 389.642515109 0.0615140165162 6.21572375051 1 1
mass 90 352.949562374 400.412659879 -1.08135167493 5.84193362404 1 1
mass 91 341.970890435 411.120202802 -3.74171789366 5.37067634632 1 1
spng 1 11 9 1 1 20
spng 2 9 7 1 1 20
spng 3 7 8 1 1 20
spng 4 8 10 1 1 20
spng 5 10 12 1 1 20
spng 6 12 11 1 1 20
spng 7 11 10 1 1 28.2842712475
spng 8 12 9 1 1 28.2842712475
spng 9 9 8 1 1 28.2842712475
spng 10 10 7 1 1 28.2842712475
spng 11 7 6 1 1 28.2842712475
spng 12 8 5 1 1 28.2842712475
spng 13 5 3 1 1 20
spng 14 5 4 1 1 28.2842712475
spng 15 6 3 1 1 28.2842712475
spng 16 5 6 1 1 20
spng 17 6 4 1 1 20
spng 18 4 3 1 1 20
spng 19 3 2 1 1 28.2842712475
spng 20 4 1 1 1 28.2842712475
spng 21 3 1 1 1 20
spng 22 4 2 1 1 20
spng 23 1 2 1 1 20
spng 24 15 17 1 1 40
spng 25 16 17 1 1 20
spng 26 17 18 1 1 20
spng 27 18 19 1 1 20
spng 28 19 20 1 1 20
spng 29 20 21 1 1 20
spng 30 21 22 1 1 20
spng 31 22 23 1 1 20
spng 32 23 24 1 1 20
spng 33 24 25 1 1 20
spng 34 25 26 1 1 20
spng 35 26 15 1 1 20
spng 36 15 24 1 1 44.72135955
spng 37 25 16 1 1 44.72135955
spng 38 16 23 1 1 44.72135955
spng 40 17 24 1 1 44.72135955
spng 42 18 23 1 1 44.72135955
spng 43 17 22 1 1 44.72135955
spng 44 19 22 1 1 44.72135955
spng 45 18 21 1 1 44.72135955
spng 46 26 20 1 1 80
spng 47 17 23 1 1 40
spng 48 16 24 1 1 40
spng 49 18 22 1 1 40
spng 50 1 16 1 1 28.2842712475
spng 51 2 15 1 1 28.2842712475
spng 52 24 27 1 1 28.2842712475
spng 53 25 28 1 1 28.2842712475
spng 54 27 29 1 1 20
spng 55 29 31 1 1 20
spng 56 31 32 1 1 20
spng 57 32 30 1 1 20
spng 58 30 28 1 1 20
spng 59 28 27 1 1 20
spng 60 29 30 1 1 20
spng 61 30 27 1 1 28.2842712475
spng 62 28 29 1 1 28.2842712475
spng 63 29 32 1 1 28.2842712475
spng 64 30 31 1 1 28.2842712475
spng 65 32 33 1 1 28.2842712475
spng 66 31 34 1 1 28.2842712475
spng 67 34 33 1 1 20
spng 69 35 36 1 1 20
spng 70 36 34 1 1 20
spng 71 33 35 1 1 20
spng 73 33 36 1 1 28.2842712475
spng 74 34 35 1 1 28.2842712475
spng 75 35 37 1 1 20
spng 76 37 38 1 1 20
spng 77 38 36 1 1 20
spng 78 36 37 1 1 28.2842712475
spng 79 35 38 1 1 28.2842712475
spng 80 19 39 1 1 22.360679775
spng 81 19 40 1 1 22.360679775
spng 82 51 21 1 1 22.360679775
spng 83 21 54 1 1 22.360679775
spng 84 39 40 1 1 20
spng 85 40 42 1 1 20
spng 86 42 41 1 1 20
spng 87 41 39 1 1 20
spng 88 39 42 1 1 28.2842712475
spng 89 41 40 1 1 28.2842712475
spng 90 41 43 1 1 20
spng 91 43 42 1 1 28.2842712475
spng 92 41 44 1 1 28.2842712475
spng 93 44 42 1 1 20
spng 94 43 44 1 1 20
spng 95 44 45 1 1 28.2842712475
spng 96 43 46 1 1 28.2842712475
spng 97 45 47 1 1 20
spng 98 45 46 1 1 20
spng 99 45 46 1 1 20
spng 100 48 45 1 1 28.2842712475
spng 101 46 48 1 1 20
spng 102 48 47 1 1 20
spng 103 47 46 1 1 28.2842712475
spng 104 47 49 1 1 20
spng 105 49 50 1 1 20
spng 106 48 50 1 1 20
spng 107 47 50 1 1 28.2842712475
spng 108 49 48 1 1 28.2842712475
spng 109 51 53 1 1 20
spng 110 53 55 1 1 20
spng 111 55 54 1 1 20
spng 112 54 51 1 1 20
spng 113 51 55 1 1 28.2842712475
spng 115 53 56 1 1 20
spng 116 56 57 1 1 20
spng 117 57 55 1 1 20
spng 118 53 57 1 1 28.2842712475
spng 119 56 53 1 1 20
spng 120 56 57 1 1 20
spng 121 59 56 1 1 28.2842712475
spng 123 57 58 1 1 28.2842712475
spng 124 58 59 1 1 20
spng 125 59 61 1 1 20
spng 127 60 58 1 1 20
spng 128 60 62 1 1 20
spng 129 62 63 1 1 20
spng 130 63 59 1 1 40
spng 131 61 62 1 1 28.2842712475
spng 132 60 63 1 1 28.2842712475
spng 133 60 59 1 1 28.2842712475
spng 134 58 61 1 1 28.2842712475
spng 135 60 61 1 1 20
spng 136 53 54 1 1 28.2842712475
spng 137 39 20 1 1 36.0555127546
spng 138 54 20 1 1 36.0555127546
spng 139 68 67 1 1 20
spng 140 67 65 1 1 20
spng 141 65 64 1 1 20
spng 142 64 66 1 1 20
spng 143 66 73 1 1 20
spng 144 73 72 1 1 20
spng 145 72 69 1 1 20
spng 146 69 68 1 1 20
spng 147 67 65 1 1 20
spng 148 65 66 1 1 40
spng 149 66 72 1 1 40
spng 150 72 68 1 1 40
spng 151 15 64 1 1 28.2842712475
spng 152 64 25 1 1 28.2842712475
spng 153 25 65 1 1 44.72135955
spng 154 15 66 1 1 44.72135955
spng 155 74 11 10 1 237.69728648
spng 156 37 75 10 1 278.028775489
spng 159 10 3 1 1 63.2455532034
spng 160 4 9 1 1 63.2455532034
spng 161 30 35 1 1 63.2455532034
spng 162 36 29 1 1 63.2455532034
spng 163 2 26 1 1 44.72135955
spng 164 3 16 1 1 44.72135955
spng 165 24 29 1 1 44.72135955
spng 166 30 26 1 1 63.2455532034
spng 167 68 64 1 1 44.72135955
spng 168 69 66 1 1 44.72135955
spng 169 65 69 1 1 44.72135955
spng 170 64 72 1 1 44.72135955
spng 171 68 73 1 1 44.72135955
spng 172 67 66 1 1 44.72135955
spng 173 73 65 1 1 44.72135955
spng 174 67 72 1 1 44.72135955
spng 175 69 64 1 1 40
spng 176 67 73 1 1 40
spng 177 65 72 1 1 56.5685424949
spng 178 66 68 1 1 56.5685424949
spng 179 26 64 1 1 20
spng 180 45 42 1 1 44.72135955
spng 182 46 41 1 1 44.72135955
spng 183 43 48 1 1 44.72135955
spng 184 47 44 1 1 44.72135955
spng 185 53 59 1 1 44.72135955
spng 186 58 55 1 1 44.72135955
spng 187 57 60 1 1 44.72135955
spng 188 56 61 1 1 44.72135955
spng 189 40 20 1 1 22.360679775
spng 190 20 51 1 1 22.360679775
spng 191 42 19 1 1 41.2310562562
spng 192 41 20 1 1 50
spng 193 55 21 1 1 41.2310562562
spng 194 53 20 1 1 41.2310562562
spng 195 81 47 10 1 22.360679775
spng 196 81 80 10 1 10
spng 197 80 47 10 1 28.2842712475
spng 198 81 49 10 1 22.360679775
spng 199 49 80 10 1 20
spng 200 61 83 10 1 22.360679775
spng 201 83 63 10 1 22.360679775
spng 202 61 82 10 1 28.2842712475
spng 203 63 82 10 1 20
spng 204 82 83 10 1 10
spng 205 77 80 10 1 189.73665961
spng 206 82 76 10 1 254.95097568
spng 207 85 12 10 1 20
spng 208 86 12 10 1 31.6227766017
spng 209 11 12 10 1 20
spng 210 84 12 10 1 28.2842712475
spng 211 87 12 10 1 31.6227766017
spng 212 88 38 10 1 20
spng 213 89 38 10 1 31.6227766017
spng 214 90 38 10 1 28.2842712475
spng 215 91 38 10 1 31.6227766017
spng 216 88 37 10 1 28.2842712475
spng 217 88 37 10 1 28.2842712475
spng 218 89 37 10 1 31.6227766017
spng 219 90 37 10 1 20
spng 220 91 37 10 1 14.1421356237
spng 221 85 11 10 1 28.2842712475
spng 222 86 11 10 1 31.6227766017
spng 223 84 11 10 1 20
spng 224 87 11 10 1 14.1421356237
\BARFOO\
else
  echo "will not over write ./lib/person1.xsp"
fi
if `test ! -s ./lib/person2.xsp`
then
echo "writting ./lib/person2.xsp"
cat > ./lib/person2.xsp << '\BARFOO\'
#1.0 *** XSpringies data file
cmas 1
elas 1
kspr 3
kdmp 1
fixm 0
shws 1
cent -1
frce 0 0 5 0
frce 1 0 5 2
frce 2 0 10 0
frce 3 0 10000 1
visc 0
stck 0
step 0.373069775401
prec 1
adpt 1
gsnp 10 0
wall 1 1 1 1
mass 1 273.022148044735729 295.029105939035446 -0.409095720077 0.86580310094 1 1
mass 2 279.119684969316836 276.551010472703069 -0.56714599947 0.725889217645 1 1
mass 3 284.939070929001275 257.684919748049936 -0.715117570291 0.629770431878 1 1
mass 4 291.067048311651661 239.573206424322507 -0.809073304271 0.343011731995 1 1
mass 5 314.931462403424234 224.381301141764226 -0.827061261208 0.421773824718 1 1
mass 6 328.328115592508539 249.382760970670262 -0.840539684317 0.398508427534 1 1
mass 7 323.444453715201405 269.252649896107016 -0.672812737204 0.366635892012 1 1
mass 8 317.431605164454083 288.725207361492039 -0.506333654458 0.401083845324 1 1
mass 9 311.08222177958595 307.691288841147411 -0.273140637481 0.491344584277 1 1
mass 10 266.424875738422202 313.655474855874559 -0.204679488659 0.91196784955 1 1
mass 11 285.82819159069237 319.459223565201171 -0.119663784888 0.768926129594 1 1
mass 12 304.192734697557739 326.963608558555052 -0.127258293048 0.609572125177 1 1
mass 13 243.588387321255681 300.632467400690928 -0.628405714224 0.251240835053 1 1
mass 14 251.569273080480514 287.953945381840867 -0.223757087155 0.496167433889 1 1
mass 15 264.237824709212191 295.924327854784224 -0.473224774791 0.910804176924 1 1
mass 16 256.044767644448712 308.818950230506118 -0.820155566194 0.592159708521 1 1
mass 18 230.879875548285469 292.745416125667816 -0.379774270499 -0.168736586502 1 1
mass 19 211.401853450390377 284.462236404334249 -0.481245756699 0.0250517630314 1 1
mass 20 222.886026529876091 294.143879472758897 -0.269325427384 -0.238665080262 1 1
mass 21 315.524854367375951 313.519687473991326 -0.37931699893 0.553097322676 1 1
mass 22 319.301849404722986 328.262569712329878 -0.347913583081 0.561199360417 1 1
mass 23 329.982082537322356 309.874666240539057 -0.432245929937 0.564666168239 1 1
mass 24 333.769510209372982 324.367331372831757 -0.371650006898 0.535668358904 1 1
mass 25 344.48812805680177 306.032405064558475 -0.495113885385 0.461375166691 1 1
mass 26 348.272166975970265 320.59019145225858 -0.431248702144 0.461828333457 1 1
mass 27 362.480384468701345 304.94770265123492 -0.219183092884 0.489167857652 1 1
mass 28 360.467735175922712 319.870491685969739 -0.347365543569 0.41150243662 1 1
mass 29 201.794968535762166 295.967930434832112 -0.237555414741 0.24442541777 1 1
mass 30 213.187649500765815 305.654224612997723 -0.0196144500946 -0.0186085369228 1 1
mass 31 191.9672430591242 307.208123700981787 0.0110326722644 0.443715515144 1 1
mass 32 203.356111052565581 317.056821590100299 0.225968397995 0.200598056818 1 1
mass 35 377.280055537867895 307.054546610338036 -0.450726032725 0.530371989645 1 1
mass 36 375.341119020026042 321.898283186649564 -0.514274536312 0.424363778487 1 1
mass 37 392.280270344285213 308.960340842718665 -0.844906584195 0.537461689946 1 1
mass 38 390.209919327745695 323.88698342898806 -0.542274655255 0.498508712415 1 1
mass 41 238.78403217101129 280.023755179826367 0.0314233789368 0.0916870626433 1 1
mass 58 301.531884050278393 202.842645709651549 -0.462027257523 0.2211655212 1 1
mass 59 335.527476115873185 209.575857361544138 -0.57148991108 0.712095365216 1 1
mass 60 286.644481578901491 199.830732010815922 -0.307802292475 -0.0102303469161 1 1
mass 61 350.091982140235018 214.757696514837704 -0.583421063666 0.688183558267 1 1
mass 62 287.865984790629682 186.404729829026877 0.162835033148 -0.447243575368 1 1
mass 63 302.942918465933985 186.945913255701441 0.0799230186064 0.490696342866 1 1
mass 64 341.498113285836382 195.454250515990509 -0.543981637868 0.710790287226 1 1
mass 65 355.328909024971779 201.021858183849019 -0.547863737884 0.734235231896 1 1
mass 66 361.180899932780335 187.345264097673123 -0.514375323253 0.761096610581 1 1
mass 67 347.394444058090244 181.458543949602301 -0.500176563107 0.714492258201 1 1
mass 68 303.444955866624753 171.940561125486482 1.06415087324 0.514024814714 1 1
mass 69 288.669597734625881 171.046901815709361 1.14600929762 -0.432199423 1 1
mass 70 285.427424716285373 160.143843621593277 1.49214209708 -0.136738817015 1 1
mass 71 297.328562330253249 151.458444505306659 1.0490014078 -0.587840973799 1 1
mass 72 288.841405239310461 139.176133002229989 0.593532082532 -0.458074315419 1 1
mass 73 276.19614291073907 147.404250719681556 0.631108633932 -0.0271223401566 1 1
mass 74 267.998200997573804 135.193874617494913 0.279008160289 0.845057915642 1 1
mass 75 280.547227030051374 126.730466589871014 0.0464078523948 -0.0982362034353 1 1
mass 76 346.378872983588622 172.208444091558249 -0.376583570909 0.639913123733 1 1
mass 77 337.100699218870261 160.517741819500316 -0.0977429074316 0.439316060505 1 1
mass 78 327.567829337551359 149.013950756402608 0.121464226425 0.276513953735 1 1
mass 79 339.105267124173793 139.485910153098615 0.291894035206 0.495862253429 1 1
mass 80 348.753533076558654 150.88945025616087 0.099696819789 0.626107895313 1 1
mass 81 358.041463010138841 162.914463475673159 -0.176323265932 0.896598805212 1 1
mass 82 256.768318463366938 136.222566012758875 0.565424505336 0.0313445237629 1 1
mass 83 261.763757689049328 144.756858449163531 -0.676405300434 1.1856804637 1 1
mass 84 247.651463302513775 140.983893190214729 -0.270372184112 -2.66338751434 1 1
mass 85 252.572622120232325 149.955102272826565 -2.93223034225 -1.37027277052 1 1
mass 86 343.021184049749877 129.0917245591707 0.294122050766 0.524952841839 1 1
mass 87 349.846947042301224 136.487147317612283 0.30595744854 0.540974486309 1 1
mass 88 350.09028165946188 122.207329227592098 0.194676876407 0.490367950929 1 1
mass 89 357.033371255814529 129.399591808827694 0.252211481928 0.432266324429 1 1
mass 90 187.610989987915531 322.62652464521716 -0.344604932041 0.270730539939 1 1
mass 91 178.259595463110088 315.160065486454016 0.234172707744 0.83062300474 1 1
mass 92 190.734511489675327 328.028156331404716 0.769335036552 0.544508973415 1 1
mass 93 407.748081153701833 310.151441318742741 -0.408865514084 0.766068565773 1 1
mass 94 406.88223101893783 302.127130114197087 -0.338586423608 0.670824303835 1 1
mass 95 404.782869822861755 326.144932060895655 -0.150646202962 0.256531743263 1 1
mass 96 277.920280072716992 338.256059779281543 -0.063338153253 0.827161580849 1 1
mass 97 268.866226519590782 332.763309225004946 -0.0324789248703 0.685069007902 1 1
mass 98 287.013598641332237 341.323711924013594 -0.107521423351 0.841791744243 1 1
mass 100 255.320959576005492 336.831362817911383 -0.104199732809 0.37093652503 1 1
mass 101 291.287017416644403 354.761060179323749 -0.383781583635 0.966926715085 1 1
mass 102 247.554189819859062 344.045499995652676 -0.308967223069 0.193788806389 1 1
mass 103 283.435984535878333 361.690287149345295 -0.592837317994 0.757445432035 1 1
mass 104 246.514928403799047 354.645322270368524 -0.391415034261 0.236288080072 1 1
mass 105 282.433496132023208 372.278065844530715 -0.656375842824 0.779954444691 1 1
mass 106 251.200402889759033 368.086877980700365 -0.544020681038 0.29411879237 1 1
mass 107 259.576168000729808 373.736597924951013 -0.686576624277 0.541555950193 1 1
mass 108 269.022795009818708 377.171686722051675 -0.726635546771 0.648287805214 1 1
mass 109 50 490 0 0 -1 1
mass 110 560 490 0 0 -1 1
mass 111 570 40 0 0 -1 1
mass 112 70 40 0 0 -1 1
spng 1 10 1 1 1 20
spng 2 1 2 1 1 20
spng 3 2 3 1 1 20
spng 4 3 4 1 1 20
spng 5 4 5 1 1 28.284271247461902
spng 6 5 6 1 1 28.284271247461902
spng 7 6 7 1 1 20
spng 8 7 8 1 1 20
spng 9 8 9 1 1 20
spng 10 9 12 1 1 20
spng 11 12 11 1 1 20
spng 12 11 10 1 1 20
spng 13 4 8 1 1 56.568542494923804
spng 14 6 2 1 1 56.568542494923804
spng 15 3 9 1 1 56.568542494923804
spng 16 7 1 1 1 56.568542494923804
spng 17 2 12 1 1 56.568542494923804
spng 18 8 10 1 1 56.568542494923804
spng 19 4 6 1 1 40
spng 20 3 7 1 1 40
spng 21 2 8 1 1 40
spng 22 1 9 1 1 40
spng 23 4 7 1 1 44.7213595499957961
spng 24 6 3 1 1 44.7213595499957961
spng 25 3 8 1 1 44.7213595499957961
spng 26 7 2 1 1 44.7213595499957961
spng 27 2 9 1 1 44.7213595499957961
spng 28 8 1 1 1 44.7213595499957961
spng 29 1 12 1 1 44.7213595499957961
spng 30 9 10 1 1 44.7213595499957961
spng 31 10 2 1 1 40
spng 32 1 3 1 1 40
spng 33 2 4 1 1 40
spng 34 12 8 1 1 40
spng 35 9 7 1 1 40
spng 36 8 6 1 1 40
spng 37 5 3 1 1 44.7213595499957961
spng 38 5 7 1 1 44.7213595499957961
spng 39 11 1 1 1 28.284271247461902
spng 40 11 9 1 1 28.284271247461902
spng 41 10 12 1 1 40
spng 43 32 30 1 1 15
spng 44 36 38 1 1 15
spng 46 13 16 1 1 15
spng 47 18 13 1 1 15
spng 48 22 24 1 1 15
spng 49 24 26 1 1 15
spng 51 31 29 1 1 15
spng 53 14 15 1 1 15
spng 54 30 20 1 1 15
spng 56 28 36 1 1 15
spng 57 27 35 1 1 15
spng 58 41 14 1 1 15
spng 59 21 23 1 1 15
spng 60 23 25 1 1 15
spng 61 35 37 1 1 15
spng 62 29 19 1 1 15
spng 63 31 19 1 1 30
spng 64 32 20 1 1 30
spng 65 18 16 1 1 30
spng 66 41 15 1 1 30
spng 67 22 26 1 1 30
spng 68 21 25 1 1 30
spng 69 28 38 1 1 30
spng 70 27 37 1 1 30
spng 71 32 19 1 1 33.5410196624968435
spng 72 31 20 1 1 33.5410196624968435
spng 73 29 30 1 1 15
spng 74 31 32 1 1 15
spng 75 19 20 3 1 15
spng 76 20 29 1 1 21.2132034355964265
spng 77 19 30 1 1 21.2132034355964265
spng 78 30 31 1 1 21.2132034355964265
spng 79 32 29 1 1 21.2132034355964265
spng 80 41 16 1 1 33.5410196624968435
spng 81 15 18 1 1 33.5410196624968435
spng 82 41 13 1 1 21.2132034355964265
spng 83 14 18 1 1 21.2132034355964265
spng 84 14 16 1 1 21.2132034355964265
spng 85 15 13 1 1 21.2132034355964265
spng 86 18 41 3 1 15
spng 87 13 14 1 1 15
spng 88 16 15 1 1 15
spng 89 21 24 1 1 21.2132034355964265
spng 90 21 26 1 1 33.5410196624968435
spng 91 21 22 1 1 15
spng 92 21 25 1 1 30
spng 93 22 26 1 1 30
spng 94 25 26 3 1 15
spng 95 25 24 1 1 21.2132034355964265
spng 96 25 22 1 1 33.5410196624968435
spng 97 23 24 1 1 15
spng 98 23 22 1 1 21.2132034355964265
spng 99 23 26 1 1 21.2132034355964265
spng 100 28 36 1 1 15
spng 101 27 37 1 1 30
spng 102 27 38 1 1 33.5410196624968435
spng 104 37 28 1 1 33.5410196624968435
spng 105 27 28 3 1 15
spng 106 35 36 1 1 15
spng 107 37 38 1 1 15
spng 108 38 35 1 1 21.2132034355964265
spng 109 36 27 1 1 21.2132034355964265
spng 110 28 35 1 1 21.2132034355964265
spng 111 36 37 1 1 21.2132034355964265
spng 112 28 25 3 1 21.2132034355964265
spng 113 26 27 3 1 21.2132034355964265
spng 114 18 19 3 1 21.2132034355964265
spng 115 20 41 3 1 21.2132034355964265
spng 116 10 15 1 1 18.0277563773199461
spng 117 1 16 1 1 22.3606797749978981
spng 118 9 22 1 1 22.3606797749978981
spng 119 21 12 1 1 18.0277563773199461
spng 120 60 68 1 1 33.5410196624968435
spng 121 69 58 1 1 33.5410196624968435
spng 122 70 75 1 1 33.5410196624968435
spng 123 74 71 1 1 33.5410196624968435
spng 124 60 63 1 1 21.2132034355964265
spng 125 58 62 1 1 21.2132034355964265
spng 126 62 68 1 1 21.2132034355964265
spng 127 63 69 1 1 21.2132034355964265
spng 128 70 72 1 1 21.2132034355964265
spng 129 71 73 1 1 21.2132034355964265
spng 130 73 75 1 1 21.2132034355964265
spng 131 72 74 1 1 21.2132034355964265
spng 132 74 73 1 1 15
spng 133 74 70 1 1 30
spng 134 75 72 1 1 15
spng 135 75 71 1 1 30
spng 136 68 63 1 1 15
spng 137 68 58 1 1 30
spng 138 69 62 1 1 15
spng 139 69 60 1 1 30
spng 140 60 58 1 1 15
spng 141 62 63 1 1 15
spng 142 70 71 3 1 15
spng 143 69 68 3 1 15
spng 144 73 72 1 1 15
spng 145 74 75 1 1 15
spng 146 59 66 1 1 33.5410196624968435
spng 147 67 61 1 1 33.5410196624968435
spng 148 61 64 1 1 21.2132034355964265
spng 149 64 66 1 1 21.2132034355964265
spng 150 67 65 1 1 21.2132034355964265
spng 151 65 59 1 1 21.2132034355964265
spng 152 59 61 1 1 15
spng 153 61 65 1 1 15
spng 154 61 66 1 1 30
spng 155 66 67 3 1 15
spng 156 67 64 1 1 15
spng 157 67 59 1 1 30
spng 158 59 64 1 1 15
spng 159 64 65 1 1 15
spng 160 76 80 1 1 21.2132034355964265
spng 161 76 79 1 1 33.5410196624968435
spng 162 78 80 1 1 21.2132034355964265
spng 163 78 81 1 1 33.5410196624968435
spng 164 77 81 1 1 21.2132034355964265
spng 165 77 79 1 1 21.2132034355964265
spng 166 79 78 1 1 15
spng 167 78 77 1 1 15
spng 168 78 76 1 1 30
spng 169 76 77 1 1 15
spng 170 76 81 3 1 15
spng 171 81 80 1 1 15
spng 172 81 79 1 1 30
spng 173 79 80 1 1 15
spng 174 80 77 1 1 15
spng 175 70 68 3 1 21.2132034355964265
spng 176 71 69 3 1 21.2132034355964265
spng 177 76 66 3 1 21.2132034355964265
spng 178 81 67 3 1 21.2132034355964265
spng 179 92 31 1 1 21.2132034355964265
spng 180 91 31 1 1 15.8113883008418963
spng 181 90 31 1 1 15.8113883008418963
spng 182 37 95 1 1 21.2132034355964265
spng 183 37 94 1 1 15.8113883008418963
spng 184 37 93 1 1 15.8113883008418963
spng 185 93 35 1 1 30.4138126514910994
spng 186 35 94 1 1 30.4138126514910994
spng 187 35 95 1 1 33.5410196624968435
spng 188 29 90 1 1 30.4138126514910994
spng 189 29 91 1 1 30.4138126514910994
spng 190 29 92 1 1 33.5410196624968435
spng 191 83 82 1 1 10
spng 192 82 84 1 1 10
spng 193 84 85 1 1 10
spng 194 85 83 1 1 10
spng 195 83 84 1 1 14.142135623730951
spng 196 85 82 1 1 14.142135623730951
spng 197 82 75 1 1 25.4950975679639242
spng 198 73 82 1 1 22.3606797749978981
spng 199 83 73 1 1 14.142135623730951
spng 200 83 74 1 1 11.180339887498949
spng 201 82 74 1 1 11.180339887498949
spng 202 89 86 1 1 14.142135623730951
spng 203 87 88 1 1 14.142135623730951
spng 204 88 89 1 1 10
spng 205 89 87 1 1 10
spng 206 87 86 1 1 10
spng 207 86 88 1 1 10
spng 208 86 78 1 1 25.4950975679639242
spng 209 86 79 1 1 11.180339887498949
spng 210 86 80 1 1 22.3606797749978981
spng 211 87 79 1 1 11.180339887498949
spng 212 87 80 1 1 14.142135623730951
spng 213 4 60 3 1 41.2310562561766076
spng 214 5 58 3 1 25
spng 215 5 59 1 1 25
spng 216 6 61 3 1 41.2310562561766076
spng 217 60 6 3 1 64.0312423743284853
spng 218 61 4 3 1 64.0312423743284853
spng 219 59 4 3 1 53.1507290636732463
spng 220 58 6 1 1 53.1507290636732463
spng 221 104 100 1 1 20
spng 222 97 98 1 1 20
spng 223 101 105 1 1 20
spng 224 108 106 1 1 20
spng 225 104 102 1 1 10
spng 226 102 100 1 1 10
spng 227 97 96 1 1 10
spng 228 96 98 1 1 10
spng 229 101 103 1 1 10
spng 230 103 105 1 1 10
spng 231 108 107 1 1 10
spng 232 107 106 1 1 10
spng 233 104 106 1 1 14.142135623730951
spng 234 100 97 1 1 14.142135623730951
spng 235 98 101 1 1 14.142135623730951
spng 236 105 108 1 1 14.142135623730951
spng 237 104 101 1 1 44.7213595499957961
spng 238 97 108 1 1 44.7213595499957961
spng 239 98 106 1 1 44.7213595499957961
spng 240 100 105 1 1 44.7213595499957961
spng 241 103 102 1 1 40
spng 242 96 107 1 1 40
spng 243 100 104 1 1 20
spng 244 97 101 1 1 31.6227766016837926
spng 245 101 108 1 1 31.6227766016837926
spng 246 108 104 1 1 31.6227766016837926
spng 247 106 100 1 1 31.6227766016837926
spng 248 104 97 1 1 31.6227766016837926
spng 249 98 105 1 1 31.6227766016837926
spng 250 105 106 1 1 31.6227766016837926
spng 251 98 100 1 1 31.6227766016837926
spng 252 10 96 1 1 28.284271247461902
spng 253 12 96 1 1 28.284271247461902
spng 254 11 97 1 1 22.3606797749978981
spng 255 11 98 1 1 22.3606797749978981
spng 256 11 96 1 1 20
spng 257 32 109 30 1 231.138486626524411
spng 258 38 110 30 1 237.539470404394052
spng 260 112 75 30 1 227.705950734714008
spng 261 111 78 30 1 265.800677200040241
\BARFOO\
else
  echo "will not over write ./lib/person2.xsp"
fi
echo "Finished archive 9 of 16"
exit

exit 0 # Just in case...
-- 
  // chris@IMD.Sterling.COM            | Send comp.sources.x submissions to:
\X/  Amiga - The only way to fly!      |
 "It's intuitively obvious to the most |    sources-x@imd.sterling.com
  casual observer..."                  |
