Newsgroups: comp.sources.x
From: dmd@gradient.cis.upenn.edu (Douglas DeCarlo)
Subject: v19i066:  xspringies - it's a spring simulator...no, it's a game, Part14/16
Message-ID: <1993Mar26.161415.10448@sparky.imd.sterling.com>
X-Md4-Signature: dff7e6c54cde351219e9adaeb8d0aca4
Date: Fri, 26 Mar 1993 16:14:15 GMT
Approved: chris@sparky.imd.sterling.com

Submitted-by: dmd@gradient.cis.upenn.edu (Douglas DeCarlo)
Posting-number: Volume 19, Issue 66
Archive-name: xspringies/part14
Environment: X11
Supersedes: xspringies: Volume 14, Issue 25-30

#!/bin/sh
# to extract, remove the header and type "sh filename"
if `test ! -d ./lib`
then
  mkdir ./lib
  echo "mkdir ./lib"
fi
if `test ! -s ./lib/3snake.xsp`
then
echo "writting ./lib/3snake.xsp"
cat > ./lib/3snake.xsp << '\BARFOO\'
#1.0 *** XSpringies data file
cmas 1.0
elas 1.0
kspr 200.0
kdmp 1.500000
fixm 0
shws 1
cent -1
frce 0 0 10.0 0.0
frce 1 0 5.0 2.0
frce 2 0 10.0 0.0
frce 3 0 10000.0 1.0
visc 0.0
stck 0.0
step 0.025000
prec 1.0
adpt 0
gsnp 18.0 0
wall 1 1 1 1
mass 1 19.0 328.0 0.0 0.0 1.0 1.0
mass 2 36.0 328.0 0.0 0.0 1.0 1.0
mass 3 54.0 328.0 0.0 0.0 1.0 1.0
mass 4 72.0 328.0 0.0 0.0 1.0 1.0
mass 5 90.0 328.0 0.0 0.0 1.0 1.0
mass 6 108.0 328.0 0.0 0.0 1.0 1.0
mass 7 126.0 328.0 0.0 0.0 1.0 1.0
mass 8 144.0 328.0 0.0 0.0 1.0 1.0
mass 9 162.0 328.0 0.0 0.0 1.0 1.0
mass 10 180.0 328.0 0.0 0.0 1.0 1.0
mass 11 198.0 328.0 0.0 0.0 1.0 1.0
mass 12 216.0 328.0 0.0 0.0 1.0 1.0
mass 13 234.0 328.0 0.0 0.0 1.0 1.0
mass 14 252.0 328.0 0.0 0.0 1.0 1.0
mass 15 270.0 328.0 0.0 0.0 1.0 1.0
mass 16 288.0 328.0 0.0 0.0 1.0 1.0
mass 17 306.0 328.0 0.0 0.0 1.0 1.0
mass 18 324.0 328.0 0.0 0.0 1.0 1.0
mass 19 342.0 328.0 0.0 0.0 1.0 1.0
mass 20 360.0 328.0 0.0 0.0 1.0 1.0
mass 21 378.0 328.0 0.0 0.0 1.0 1.0
mass 22 396.0 328.0 0.0 0.0 1.0 1.0
mass 23 414.0 328.0 0.0 0.0 1.0 1.0
mass 24 432.0 328.0 0.0 0.0 1.0 1.0
mass 25 450.0 328.0 0.0 0.0 1.0 1.0
mass 26 468.0 328.0 0.0 0.0 1.0 1.0
mass 27 504.0 328.0 0.0 0.0 1.0 1.0
mass 28 486.0 328.0 0.0 0.0 1.0 1.0
mass 29 522.0 328.0 0.0 0.0 1.0 1.0
mass 30 540.0 328.0 0.0 0.0 1.0 1.0
mass 31 558.0 328.0 0.0 0.0 1.0 1.0
mass 32 576.0 328.0 0.0 0.0 1.0 1.0
mass 33 594.0 328.0 0.0 0.0 1.0 1.0
mass 34 612.0 328.0 0.0 0.0 1.0 1.0
mass 35 626.0 328.0 0.0 0.0 1.0 1.0
spng 1 1 2 200.0 1.500000 18.0
spng 2 3 2 200.0 1.500000 18.0
spng 3 3 4 200.0 1.500000 18.0
spng 4 4 5 200.0 1.500000 18.0
spng 5 5 6 200.0 1.500000 18.0
spng 6 6 7 200.0 1.500000 18.0
spng 7 7 8 200.0 1.500000 18.0
spng 8 8 9 200.0 1.500000 18.0
spng 9 9 10 200.0 1.500000 18.0
spng 10 10 11 200.0 1.500000 18.0
spng 11 11 12 200.0 1.500000 18.0
spng 12 12 13 200.0 1.500000 18.0
spng 13 13 14 200.0 1.500000 18.0
spng 14 14 15 200.0 1.500000 18.0
spng 15 15 16 200.0 1.500000 18.0
spng 16 16 17 200.0 1.500000 18.0
spng 17 17 18 200.0 1.500000 18.0
spng 18 18 19 200.0 1.500000 18.0
spng 19 19 20 200.0 1.500000 18.0
spng 20 20 21 200.0 1.500000 18.0
spng 21 21 22 200.0 1.500000 18.0
spng 22 22 23 200.0 1.500000 18.0
spng 23 23 24 200.0 1.500000 18.0
spng 24 24 25 200.0 1.500000 18.0
spng 25 25 26 200.0 1.500000 18.0
spng 26 26 28 200.0 1.500000 18.0
spng 27 28 27 200.0 1.500000 18.0
spng 28 27 29 200.0 1.500000 18.0
spng 29 29 30 200.0 1.500000 18.0
spng 30 30 31 200.0 1.500000 18.0
spng 31 31 32 200.0 1.500000 18.0
spng 32 32 33 200.0 1.500000 18.0
spng 33 33 34 200.0 1.500000 18.0
spng 34 34 35 200.0 1.500000 18.0
spng 35 1 3 200.0 1.500000 36.0
spng 36 2 4 200.0 1.500000 36.0
spng 37 3 5 200.0 1.500000 36.0
spng 38 4 6 200.0 1.500000 36.0
spng 39 5 7 200.0 1.500000 36.0
spng 40 6 8 200.0 1.500000 36.0
spng 41 7 9 200.0 1.500000 36.0
spng 42 8 10 200.0 1.500000 36.0
spng 43 9 11 200.0 1.500000 36.0
spng 44 10 12 200.0 1.500000 36.0
spng 45 11 13 200.0 1.500000 36.0
spng 46 12 14 200.0 1.500000 36.0
spng 47 13 15 200.0 1.500000 36.0
spng 48 14 16 200.0 1.500000 36.0
spng 49 15 17 200.0 1.500000 36.0
spng 50 16 18 200.0 1.500000 36.0
spng 51 17 19 200.0 1.500000 36.0
spng 52 18 20 200.0 1.500000 36.0
spng 53 19 21 200.0 1.500000 36.0
spng 54 20 22 200.0 1.500000 36.0
spng 55 21 23 200.0 1.500000 36.0
spng 56 22 24 200.0 1.500000 36.0
spng 57 23 25 200.0 1.500000 36.0
spng 58 24 26 200.0 1.500000 36.0
spng 59 25 28 200.0 1.500000 36.0
spng 60 26 27 200.0 1.500000 36.0
spng 61 28 29 200.0 1.500000 36.0
spng 62 27 30 200.0 1.500000 36.0
spng 63 29 31 200.0 1.500000 36.0
spng 64 30 32 200.0 1.500000 36.0
spng 65 31 33 200.0 1.500000 36.0
spng 66 32 34 200.0 1.500000 36.0
spng 67 33 35 200.0 1.500000 36.0
spng 68 1 4 200.0 1.500000 53.0
spng 69 2 5 200.0 1.500000 54.0
spng 70 3 6 200.0 1.500000 54.0
spng 71 4 7 200.0 1.500000 54.0
spng 72 5 8 200.0 1.500000 54.0
spng 73 6 9 200.0 1.500000 54.0
spng 74 7 10 200.0 1.500000 54.0
spng 75 8 11 200.0 1.500000 54.0
spng 76 9 12 200.0 1.500000 54.0
spng 77 10 13 200.0 1.500000 54.0
spng 78 11 14 200.0 1.500000 54.0
spng 79 12 15 200.0 1.500000 54.0
spng 80 13 16 200.0 1.500000 54.0
spng 81 14 17 200.0 1.500000 54.0
spng 82 15 18 200.0 1.500000 54.0
spng 83 16 19 200.0 1.500000 54.0
spng 84 17 20 200.0 1.500000 54.0
spng 85 18 21 200.0 1.500000 54.0
spng 86 19 22 200.0 1.500000 54.0
spng 87 20 23 200.0 1.500000 54.0
spng 88 21 24 200.0 1.500000 54.0
spng 89 22 25 200.0 1.500000 54.0
spng 90 23 26 200.0 1.500000 54.0
spng 91 24 28 200.0 1.500000 54.0
spng 92 25 27 200.0 1.500000 54.0
spng 93 26 29 200.0 1.500000 54.0
spng 94 28 30 200.0 1.500000 54.0
spng 95 27 31 200.0 1.500000 54.0
spng 96 29 32 200.0 1.500000 54.0
spng 97 30 33 200.0 1.500000 54.0
spng 98 31 34 200.0 1.500000 54.0
spng 99 32 35 200.0 1.500000 50.0
\BARFOO\
else
  echo "will not over write ./lib/3snake.xsp"
fi
if `test ! -s ./lib/4snake.xsp`
then
echo "writting ./lib/4snake.xsp"
cat > ./lib/4snake.xsp << '\BARFOO\'
#1.0 *** XSpringies data file
cmas 1.0
elas 1.0
kspr 200.0
kdmp 1.500000
fixm 0
shws 1
cent -1
frce 0 0 10.0 0.0
frce 1 0 5.0 2.0
frce 2 0 10.0 0.0
frce 3 0 10000.0 1.0
visc 0.0
stck 0.0
step 0.025000
prec 1.0
adpt 0
gsnp 18.0 0
wall 1 1 1 1
mass 1 18.0 328.0 0.0 0.0 1.0 1.0
mass 2 36.0 328.0 0.0 0.0 1.0 1.0
mass 3 54.0 328.0 0.0 0.0 1.0 1.0
mass 4 72.0 328.0 0.0 0.0 1.0 1.0
mass 5 90.0 328.0 0.0 0.0 1.0 1.0
mass 6 108.0 328.0 0.0 0.0 1.0 1.0
mass 7 126.0 328.0 0.0 0.0 1.0 1.0
mass 8 144.0 328.0 0.0 0.0 1.0 1.0
mass 9 162.0 328.0 0.0 0.0 1.0 1.0
mass 10 180.0 328.0 0.0 0.0 1.0 1.0
mass 11 198.0 328.0 0.0 0.0 1.0 1.0
mass 12 216.0 328.0 0.0 0.0 1.0 1.0
mass 13 234.0 328.0 0.0 0.0 1.0 1.0
mass 14 252.0 328.0 0.0 0.0 1.0 1.0
mass 15 270.0 328.0 0.0 0.0 1.0 1.0
mass 16 288.0 328.0 0.0 0.0 1.0 1.0
mass 17 306.0 328.0 0.0 0.0 1.0 1.0
mass 18 324.0 328.0 0.0 0.0 1.0 1.0
mass 19 342.0 328.0 0.0 0.0 1.0 1.0
mass 20 360.0 328.0 0.0 0.0 1.0 1.0
mass 21 378.0 328.0 0.0 0.0 1.0 1.0
mass 22 396.0 328.0 0.0 0.0 1.0 1.0
mass 23 414.0 328.0 0.0 0.0 1.0 1.0
mass 24 432.0 328.0 0.0 0.0 1.0 1.0
mass 25 450.0 328.0 0.0 0.0 1.0 1.0
mass 26 468.0 328.0 0.0 0.0 1.0 1.0
mass 27 504.0 328.0 0.0 0.0 1.0 1.0
mass 28 486.0 328.0 0.0 0.0 1.0 1.0
mass 29 522.0 328.0 0.0 0.0 1.0 1.0
mass 30 540.0 328.0 0.0 0.0 1.0 1.0
mass 31 558.0 328.0 0.0 0.0 1.0 1.0
mass 32 576.0 328.0 0.0 0.0 1.0 1.0
mass 33 594.0 328.0 0.0 0.0 1.0 1.0
mass 34 612.0 328.0 0.0 0.0 1.0 1.0
mass 35 626.0 328.0 0.0 0.0 1.0 1.0
spng 1 1 2 200.0 1.500000 18.0
spng 2 3 2 200.0 1.500000 18.0
spng 3 3 4 200.0 1.500000 18.0
spng 4 4 5 200.0 1.500000 18.0
spng 5 5 6 200.0 1.500000 18.0
spng 6 6 7 200.0 1.500000 18.0
spng 7 7 8 200.0 1.500000 18.0
spng 8 8 9 200.0 1.500000 18.0
spng 9 9 10 200.0 1.500000 18.0
spng 10 10 11 200.0 1.500000 18.0
spng 11 11 12 200.0 1.500000 18.0
spng 12 12 13 200.0 1.500000 18.0
spng 13 13 14 200.0 1.500000 18.0
spng 14 14 15 200.0 1.500000 18.0
spng 15 15 16 200.0 1.500000 18.0
spng 16 16 17 200.0 1.500000 18.0
spng 17 17 18 200.0 1.500000 18.0
spng 18 18 19 200.0 1.500000 18.0
spng 19 19 20 200.0 1.500000 18.0
spng 20 20 21 200.0 1.500000 18.0
spng 21 21 22 200.0 1.500000 18.0
spng 22 22 23 200.0 1.500000 18.0
spng 23 23 24 200.0 1.500000 18.0
spng 24 24 25 200.0 1.500000 18.0
spng 25 25 26 200.0 1.500000 18.0
spng 26 26 28 200.0 1.500000 18.0
spng 27 28 27 200.0 1.500000 18.0
spng 28 27 29 200.0 1.500000 18.0
spng 29 29 30 200.0 1.500000 18.0
spng 30 30 31 200.0 1.500000 18.0
spng 31 31 32 200.0 1.500000 18.0
spng 32 32 33 200.0 1.500000 18.0
spng 33 33 34 200.0 1.500000 18.0
spng 34 34 35 200.0 1.500000 18.0
spng 35 1 3 200.0 1.500000 36.0
spng 36 2 4 200.0 1.500000 36.0
spng 37 3 5 200.0 1.500000 36.0
spng 38 4 6 200.0 1.500000 36.0
spng 39 5 7 200.0 1.500000 36.0
spng 40 6 8 200.0 1.500000 36.0
spng 41 7 9 200.0 1.500000 36.0
spng 42 8 10 200.0 1.500000 36.0
spng 43 9 11 200.0 1.500000 36.0
spng 44 10 12 200.0 1.500000 36.0
spng 45 11 13 200.0 1.500000 36.0
spng 46 12 14 200.0 1.500000 36.0
spng 47 13 15 200.0 1.500000 36.0
spng 48 14 16 200.0 1.500000 36.0
spng 49 15 17 200.0 1.500000 36.0
spng 50 16 18 200.0 1.500000 36.0
spng 51 17 19 200.0 1.500000 36.0
spng 52 18 20 200.0 1.500000 36.0
spng 53 19 21 200.0 1.500000 36.0
spng 54 20 22 200.0 1.500000 36.0
spng 55 21 23 200.0 1.500000 36.0
spng 56 22 24 200.0 1.500000 36.0
spng 57 23 25 200.0 1.500000 36.0
spng 58 24 26 200.0 1.500000 36.0
spng 59 25 28 200.0 1.500000 36.0
spng 60 26 27 200.0 1.500000 36.0
spng 61 28 29 200.0 1.500000 36.0
spng 62 27 30 200.0 1.500000 36.0
spng 63 29 31 200.0 1.500000 36.0
spng 64 30 32 200.0 1.500000 36.0
spng 65 31 33 200.0 1.500000 36.0
spng 66 32 34 200.0 1.500000 36.0
spng 67 33 35 200.0 1.500000 36.0
spng 68 1 4 200.0 1.500000 53.0
spng 69 2 5 200.0 1.500000 54.0
spng 70 3 6 200.0 1.500000 54.0
spng 71 4 7 200.0 1.500000 54.0
spng 72 5 8 200.0 1.500000 54.0
spng 73 6 9 200.0 1.500000 54.0
spng 74 7 10 200.0 1.500000 54.0
spng 75 8 11 200.0 1.500000 54.0
spng 76 9 12 200.0 1.500000 54.0
spng 77 10 13 200.0 1.500000 54.0
spng 78 11 14 200.0 1.500000 54.0
spng 79 12 15 200.0 1.500000 54.0
spng 80 13 16 200.0 1.500000 54.0
spng 81 14 17 200.0 1.500000 54.0
spng 82 15 18 200.0 1.500000 54.0
spng 83 16 19 200.0 1.500000 54.0
spng 84 17 20 200.0 1.500000 54.0
spng 85 18 21 200.0 1.500000 54.0
spng 86 19 22 200.0 1.500000 54.0
spng 87 20 23 200.0 1.500000 54.0
spng 88 21 24 200.0 1.500000 54.0
spng 89 22 25 200.0 1.500000 54.0
spng 90 23 26 200.0 1.500000 54.0
spng 91 24 28 200.0 1.500000 54.0
spng 92 25 27 200.0 1.500000 54.0
spng 93 26 29 200.0 1.500000 54.0
spng 94 28 30 200.0 1.500000 54.0
spng 95 27 31 200.0 1.500000 54.0
spng 96 29 32 200.0 1.500000 54.0
spng 97 30 33 200.0 1.500000 54.0
spng 98 31 34 200.0 1.500000 54.0
spng 99 32 35 200.0 1.500000 50.0
spng 100 1 5 200.0 1.500000 72.0
spng 101 2 6 200.0 1.500000 72.0
spng 102 3 7 200.0 1.500000 72.0
spng 103 4 8 200.0 1.500000 72.0
spng 104 5 9 200.0 1.500000 72.0
spng 105 6 10 200.0 1.500000 72.0
spng 106 7 11 200.0 1.500000 72.0
spng 107 8 12 200.0 1.500000 72.0
spng 108 9 13 200.0 1.500000 72.0
spng 109 10 14 200.0 1.500000 72.0
spng 110 11 15 200.0 1.500000 72.0
spng 111 12 16 200.0 1.500000 72.0
spng 112 13 17 200.0 1.500000 72.0
spng 113 14 18 200.0 1.500000 72.0
spng 114 15 19 200.0 1.500000 72.0
spng 115 16 20 200.0 1.500000 72.0
spng 116 17 21 200.0 1.500000 72.0
spng 117 18 22 200.0 1.500000 72.0
spng 118 19 23 200.0 1.500000 72.0
spng 119 20 24 200.0 1.500000 72.0
spng 120 21 25 200.0 1.500000 72.0
spng 121 22 26 200.0 1.500000 72.0
spng 122 23 28 200.0 1.500000 72.0
spng 123 24 27 200.0 1.500000 72.0
spng 124 25 29 200.0 1.500000 72.0
spng 125 26 30 200.0 1.500000 72.0
spng 126 28 31 200.0 1.500000 72.0
spng 127 27 32 200.0 1.500000 72.0
spng 128 29 33 200.0 1.500000 72.0
spng 129 30 34 200.0 1.500000 72.0
spng 130 31 35 200.0 1.500000 68.0
\BARFOO\
else
  echo "will not over write ./lib/4snake.xsp"
fi
if `test ! -s ./lib/9snake.xsp`
then
echo "writting ./lib/9snake.xsp"
cat > ./lib/9snake.xsp << '\BARFOO\'
#1.0 *** XSpringies data file
cmas 1.0
elas 1.0
kspr 200.0
kdmp 1.500000
fixm 0
shws 1
cent -1
frce 0 0 10.0 0.0
frce 1 0 5.0 2.0
frce 2 0 10.0 0.0
frce 3 0 10000.0 1.0
visc 0.0
stck 0.0
step 0.025000
prec 1.0
adpt 0
gsnp 18.0 0
wall 1 1 1 1
mass 1 18.0 328.0 0.0 0.0 1.0 1.0
mass 2 36.0 328.0 0.0 0.0 1.0 1.0
mass 3 54.0 328.0 0.0 0.0 1.0 1.0
mass 4 72.0 328.0 0.0 0.0 1.0 1.0
mass 5 90.0 328.0 0.0 0.0 1.0 1.0
mass 6 108.0 328.0 0.0 0.0 1.0 1.0
mass 7 126.0 328.0 0.0 0.0 1.0 1.0
mass 8 144.0 328.0 0.0 0.0 1.0 1.0
mass 9 162.0 328.0 0.0 0.0 1.0 1.0
mass 10 180.0 328.0 0.0 0.0 1.0 1.0
mass 11 198.0 328.0 0.0 0.0 1.0 1.0
mass 12 216.0 328.0 0.0 0.0 1.0 1.0
mass 13 234.0 328.0 0.0 0.0 1.0 1.0
mass 14 252.0 328.0 0.0 0.0 1.0 1.0
mass 15 270.0 328.0 0.0 0.0 1.0 1.0
mass 16 288.0 328.0 0.0 0.0 1.0 1.0
mass 17 306.0 328.0 0.0 0.0 1.0 1.0
mass 18 324.0 328.0 0.0 0.0 1.0 1.0
mass 19 342.0 328.0 0.0 0.0 1.0 1.0
mass 20 360.0 328.0 0.0 0.0 1.0 1.0
mass 21 378.0 328.0 0.0 0.0 1.0 1.0
mass 22 396.0 328.0 0.0 0.0 1.0 1.0
mass 23 414.0 328.0 0.0 0.0 1.0 1.0
mass 24 432.0 328.0 0.0 0.0 1.0 1.0
mass 25 450.0 328.0 0.0 0.0 1.0 1.0
mass 26 468.0 328.0 0.0 0.0 1.0 1.0
mass 27 504.0 328.0 0.0 0.0 1.0 1.0
mass 28 486.0 328.0 0.0 0.0 1.0 1.0
mass 29 522.0 328.0 0.0 0.0 1.0 1.0
mass 30 540.0 328.0 0.0 0.0 1.0 1.0
mass 31 558.0 328.0 0.0 0.0 1.0 1.0
mass 32 576.0 328.0 0.0 0.0 1.0 1.0
mass 33 594.0 328.0 0.0 0.0 1.0 1.0
mass 34 612.0 328.0 0.0 0.0 1.0 1.0
mass 35 626.0 328.0 0.0 0.0 1.0 1.0
spng 1 1 2 200.0 1.500000 18.0
spng 2 3 2 200.0 1.500000 18.0
spng 3 3 4 200.0 1.500000 18.0
spng 4 4 5 200.0 1.500000 18.0
spng 5 5 6 200.0 1.500000 18.0
spng 6 6 7 200.0 1.500000 18.0
spng 7 7 8 200.0 1.500000 18.0
spng 8 8 9 200.0 1.500000 18.0
spng 9 9 10 200.0 1.500000 18.0
spng 10 10 11 200.0 1.500000 18.0
spng 11 11 12 200.0 1.500000 18.0
spng 12 12 13 200.0 1.500000 18.0
spng 13 13 14 200.0 1.500000 18.0
spng 14 14 15 200.0 1.500000 18.0
spng 15 15 16 200.0 1.500000 18.0
spng 16 16 17 200.0 1.500000 18.0
spng 17 17 18 200.0 1.500000 18.0
spng 18 18 19 200.0 1.500000 18.0
spng 19 19 20 200.0 1.500000 18.0
spng 20 20 21 200.0 1.500000 18.0
spng 21 21 22 200.0 1.500000 18.0
spng 22 22 23 200.0 1.500000 18.0
spng 23 23 24 200.0 1.500000 18.0
spng 24 24 25 200.0 1.500000 18.0
spng 25 25 26 200.0 1.500000 18.0
spng 26 26 28 200.0 1.500000 18.0
spng 27 28 27 200.0 1.500000 18.0
spng 28 27 29 200.0 1.500000 18.0
spng 29 29 30 200.0 1.500000 18.0
spng 30 30 31 200.0 1.500000 18.0
spng 31 31 32 200.0 1.500000 18.0
spng 32 32 33 200.0 1.500000 18.0
spng 33 33 34 200.0 1.500000 18.0
spng 34 34 35 200.0 1.500000 18.0
spng 35 1 3 200.0 1.500000 36.0
spng 36 2 4 200.0 1.500000 36.0
spng 37 3 5 200.0 1.500000 36.0
spng 38 4 6 200.0 1.500000 36.0
spng 39 5 7 200.0 1.500000 36.0
spng 40 6 8 200.0 1.500000 36.0
spng 41 7 9 200.0 1.500000 36.0
spng 42 8 10 200.0 1.500000 36.0
spng 43 9 11 200.0 1.500000 36.0
spng 44 10 12 200.0 1.500000 36.0
spng 45 11 13 200.0 1.500000 36.0
spng 46 12 14 200.0 1.500000 36.0
spng 47 13 15 200.0 1.500000 36.0
spng 48 14 16 200.0 1.500000 36.0
spng 49 15 17 200.0 1.500000 36.0
spng 50 16 18 200.0 1.500000 36.0
spng 51 17 19 200.0 1.500000 36.0
spng 52 18 20 200.0 1.500000 36.0
spng 53 19 21 200.0 1.500000 36.0
spng 54 20 22 200.0 1.500000 36.0
spng 55 21 23 200.0 1.500000 36.0
spng 56 22 24 200.0 1.500000 36.0
spng 57 23 25 200.0 1.500000 36.0
spng 58 24 26 200.0 1.500000 36.0
spng 59 25 28 200.0 1.500000 36.0
spng 60 26 27 200.0 1.500000 36.0
spng 61 28 29 200.0 1.500000 36.0
spng 62 27 30 200.0 1.500000 36.0
spng 63 29 31 200.0 1.500000 36.0
spng 64 30 32 200.0 1.500000 36.0
spng 65 31 33 200.0 1.500000 36.0
spng 66 32 34 200.0 1.500000 36.0
spng 67 33 35 200.0 1.500000 36.0
spng 68 1 4 200.0 1.500000 53.0
spng 69 2 5 200.0 1.500000 54.0
spng 70 3 6 200.0 1.500000 54.0
spng 71 4 7 200.0 1.500000 54.0
spng 72 5 8 200.0 1.500000 54.0
spng 73 6 9 200.0 1.500000 54.0
spng 74 7 10 200.0 1.500000 54.0
spng 75 8 11 200.0 1.500000 54.0
spng 76 9 12 200.0 1.500000 54.0
spng 77 10 13 200.0 1.500000 54.0
spng 78 11 14 200.0 1.500000 54.0
spng 79 12 15 200.0 1.500000 54.0
spng 80 13 16 200.0 1.500000 54.0
spng 81 14 17 200.0 1.500000 54.0
spng 82 15 18 200.0 1.500000 54.0
spng 83 16 19 200.0 1.500000 54.0
spng 84 17 20 200.0 1.500000 54.0
spng 85 18 21 200.0 1.500000 54.0
spng 86 19 22 200.0 1.500000 54.0
spng 87 20 23 200.0 1.500000 54.0
spng 88 21 24 200.0 1.500000 54.0
spng 89 22 25 200.0 1.500000 54.0
spng 90 23 26 200.0 1.500000 54.0
spng 91 24 28 200.0 1.500000 54.0
spng 92 25 27 200.0 1.500000 54.0
spng 93 26 29 200.0 1.500000 54.0
spng 94 28 30 200.0 1.500000 54.0
spng 95 27 31 200.0 1.500000 54.0
spng 96 29 32 200.0 1.500000 54.0
spng 97 30 33 200.0 1.500000 54.0
spng 98 31 34 200.0 1.500000 54.0
spng 99 32 35 200.0 1.500000 50.0
spng 100 1 5 200.0 1.500000 72.0
spng 101 2 6 200.0 1.500000 72.0
spng 102 3 7 200.0 1.500000 72.0
spng 103 4 8 200.0 1.500000 72.0
spng 104 5 9 200.0 1.500000 72.0
spng 105 6 10 200.0 1.500000 72.0
spng 106 7 11 200.0 1.500000 72.0
spng 107 8 12 200.0 1.500000 72.0
spng 108 9 13 200.0 1.500000 72.0
spng 109 10 14 200.0 1.500000 72.0
spng 110 11 15 200.0 1.500000 72.0
spng 111 12 16 200.0 1.500000 72.0
spng 112 13 17 200.0 1.500000 72.0
spng 113 14 18 200.0 1.500000 72.0
spng 114 15 19 200.0 1.500000 72.0
spng 115 16 20 200.0 1.500000 72.0
spng 116 17 21 200.0 1.500000 72.0
spng 117 18 22 200.0 1.500000 72.0
spng 118 19 23 200.0 1.500000 72.0
spng 119 20 24 200.0 1.500000 72.0
spng 120 21 25 200.0 1.500000 72.0
spng 121 22 26 200.0 1.500000 72.0
spng 122 23 28 200.0 1.500000 72.0
spng 123 24 27 200.0 1.500000 72.0
spng 124 25 29 200.0 1.500000 72.0
spng 125 26 30 200.0 1.500000 72.0
spng 126 28 31 200.0 1.500000 72.0
spng 127 27 32 200.0 1.500000 72.0
spng 128 29 33 200.0 1.500000 72.0
spng 129 30 34 200.0 1.500000 72.0
spng 130 31 35 200.0 1.500000 68.0
spng 131 1 6 200.0 1.500000 90.0
spng 132 2 7 200.0 1.500000 90.0
spng 133 3 8 200.0 1.500000 90.0
spng 134 4 9 200.0 1.500000 90.0
spng 135 5 10 200.0 1.500000 90.0
spng 136 6 11 200.0 1.500000 90.0
spng 137 7 12 200.0 1.500000 90.0
spng 138 8 13 200.0 1.500000 90.0
spng 139 9 14 200.0 1.500000 90.0
spng 140 10 15 200.0 1.500000 90.0
spng 141 11 16 200.0 1.500000 90.0
spng 142 12 17 200.0 1.500000 90.0
spng 143 13 18 200.0 1.500000 90.0
spng 144 14 19 200.0 1.500000 90.0
spng 145 15 20 200.0 1.500000 90.0
spng 146 16 21 200.0 1.500000 90.0
spng 147 17 22 200.0 1.500000 90.0
spng 148 18 23 200.0 1.500000 90.0
spng 149 19 24 200.0 1.500000 90.0
spng 150 20 25 200.0 1.500000 90.0
spng 151 21 26 200.0 1.500000 90.0
spng 152 22 28 200.0 1.500000 90.0
spng 153 23 27 200.0 1.500000 90.0
spng 154 24 29 200.0 1.500000 90.0
spng 155 25 30 200.0 1.500000 90.0
spng 156 26 31 200.0 1.500000 90.0
spng 157 28 32 200.0 1.500000 90.0
spng 158 27 33 200.0 1.500000 90.0
spng 159 29 34 200.0 1.500000 90.0
spng 160 30 35 200.0 1.500000 86.0
spng 161 1 7 200.0 1.500000 108.0
spng 162 2 8 200.0 1.500000 108.0
spng 163 3 9 200.0 1.500000 108.0
spng 164 4 10 200.0 1.500000 108.0
spng 165 5 11 200.0 1.500000 108.0
spng 166 6 12 200.0 1.500000 108.0
spng 167 7 13 200.0 1.500000 108.0
spng 168 8 14 200.0 1.500000 108.0
spng 169 8 14 200.0 1.500000 108.0
spng 170 9 15 200.0 1.500000 108.0
spng 171 10 16 200.0 1.500000 108.0
spng 172 11 17 200.0 1.500000 108.0
spng 173 12 18 200.0 1.500000 108.0
spng 174 13 19 200.0 1.500000 108.0
spng 175 14 20 200.0 1.500000 108.0
spng 176 15 21 200.0 1.500000 108.0
spng 177 16 22 200.0 1.500000 108.0
spng 178 17 23 200.0 1.500000 108.0
spng 179 18 24 200.0 1.500000 108.0
spng 180 19 25 200.0 1.500000 108.0
spng 181 20 26 200.0 1.500000 108.0
spng 182 21 28 200.0 1.500000 108.0
spng 183 22 27 200.0 1.500000 108.0
spng 184 23 29 200.0 1.500000 108.0
spng 185 24 30 200.0 1.500000 108.0
spng 186 25 31 200.0 1.500000 108.0
spng 187 26 32 200.0 1.500000 108.0
spng 188 28 33 200.0 1.500000 108.0
spng 189 34 27 200.0 1.500000 108.0
spng 190 29 35 200.0 1.500000 104.0
spng 191 1 8 200.0 1.500000 126.0
spng 192 2 9 200.0 1.500000 126.0
spng 193 10 3 200.0 1.500000 126.0
spng 194 4 11 200.0 1.500000 126.0
spng 195 12 5 200.0 1.500000 126.0
spng 196 6 13 200.0 1.500000 126.0
spng 197 14 7 200.0 1.500000 126.0
spng 198 8 15 200.0 1.500000 126.0
spng 199 16 9 200.0 1.500000 126.0
spng 200 10 17 200.0 1.500000 126.0
spng 201 18 11 200.0 1.500000 126.0
spng 202 12 19 200.0 1.500000 126.0
spng 203 20 13 200.0 1.500000 126.0
spng 204 14 21 200.0 1.500000 126.0
spng 205 22 15 200.0 1.500000 126.0
spng 206 16 23 200.0 1.500000 126.0
spng 207 24 17 200.0 1.500000 126.0
spng 208 18 25 200.0 1.500000 126.0
spng 209 26 19 200.0 1.500000 126.0
spng 210 20 28 200.0 1.500000 126.0
spng 211 27 21 200.0 1.500000 126.0
spng 212 22 29 200.0 1.500000 126.0
spng 213 30 23 200.0 1.500000 126.0
spng 214 24 31 200.0 1.500000 126.0
spng 215 32 25 200.0 1.500000 126.0
spng 216 26 33 200.0 1.500000 126.0
spng 217 34 28 200.0 1.500000 126.0
spng 218 27 35 200.0 1.500000 122.0
spng 219 1 9 200.0 1.500000 144.0
spng 220 10 2 200.0 1.500000 144.0
spng 221 3 11 200.0 1.500000 144.0
spng 222 12 4 200.0 1.500000 144.0
spng 223 5 13 200.0 1.500000 144.0
spng 224 14 6 200.0 1.500000 144.0
spng 225 7 15 200.0 1.500000 144.0
spng 226 16 8 200.0 1.500000 144.0
spng 227 9 17 200.0 1.500000 144.0
spng 228 18 10 200.0 1.500000 144.0
spng 229 11 19 200.0 1.500000 144.0
spng 230 20 12 200.0 1.500000 144.0
spng 231 13 21 200.0 1.500000 144.0
spng 232 22 14 200.0 1.500000 144.0
spng 233 15 23 200.0 1.500000 144.0
spng 234 24 16 200.0 1.500000 144.0
spng 235 17 25 200.0 1.500000 144.0
spng 236 26 18 200.0 1.500000 144.0
spng 237 19 28 200.0 1.500000 144.0
spng 238 27 20 200.0 1.500000 144.0
spng 239 21 29 200.0 1.500000 144.0
spng 240 30 22 200.0 1.500000 144.0
spng 241 23 31 200.0 1.500000 144.0
spng 242 32 24 200.0 1.500000 144.0
spng 243 25 33 200.0 1.500000 144.0
spng 244 34 26 200.0 1.500000 144.0
spng 245 28 35 200.0 1.500000 140.0
spng 246 1 10 200.0 1.500000 162.0
spng 247 11 2 200.0 1.500000 162.0
spng 248 3 12 200.0 1.500000 162.0
spng 249 13 4 200.0 1.500000 162.0
spng 250 5 14 200.0 1.500000 162.0
spng 251 15 6 200.0 1.500000 162.0
spng 252 7 16 200.0 1.500000 162.0
spng 253 17 8 200.0 1.500000 162.0
spng 254 9 18 200.0 1.500000 162.0
spng 255 19 10 200.0 1.500000 162.0
spng 256 11 20 200.0 1.500000 162.0
spng 257 21 12 200.0 1.500000 162.0
spng 258 13 22 200.0 1.500000 162.0
spng 259 23 14 200.0 1.500000 162.0
spng 260 15 24 200.0 1.500000 162.0
spng 261 25 16 200.0 1.500000 162.0
spng 262 17 26 200.0 1.500000 162.0
spng 263 28 18 200.0 1.500000 162.0
spng 264 19 27 200.0 1.500000 162.0
spng 265 29 20 200.0 1.500000 162.0
spng 266 21 30 200.0 1.500000 162.0
spng 267 31 22 200.0 1.500000 162.0
spng 268 23 32 200.0 1.500000 162.0
spng 269 33 24 200.0 1.500000 162.0
spng 270 25 34 200.0 1.500000 162.0
spng 271 35 26 200.0 1.500000 158.0
\BARFOO\
else
  echo "will not over write ./lib/9snake.xsp"
fi
if `test ! -s ./lib/ball.xsp`
then
echo "writting ./lib/ball.xsp"
cat > ./lib/ball.xsp << '\BARFOO\'
#1.0 *** XSpringies data file
cmas 1.0
elas 1.0
kspr 150.0
kdmp 2.0
fixm 0
shws 1
cent -1
frce 0 1 10.0 0.0
frce 1 0 5.0 2.0
frce 2 0 10.0 0.0
frce 3 0 10000.0 1.0
visc 0.0
stck 100.0
step 0.080000
prec 1.0
adpt 0
gsnp 20.0 0
wall 1 1 1 1
mass 1 325.191871 140.872641 40.832215 -5.301529 1.0 1.0
mass 2 313.933994 149.011616 55.240875 5.026852 1.0 1.0
mass 3 309.133386 162.523019 72.798059 5.594199 1.0 1.0
mass 4 312.887152 176.436760 83.754277 -1.370025 1.0 1.0
mass 5 321.660596 187.895952 91.634021 -8.308630 1.0 1.0
mass 6 335.256132 192.503856 94.772924 -18.985044 1.0 1.0
mass 7 348.254504 188.731936 92.657963 -29.982110 1.0 1.0
mass 8 359.050972 180.780059 86.668616 -39.817638 1.0 1.0
mass 9 363.685639 167.752177 76.554871 -47.987107 1.0 1.0
mass 10 360.449954 154.092353 57.992242 -48.045772 1.0 1.0
mass 11 352.201411 142.382665 41.200547 -39.924209 1.0 1.0
mass 12 338.754859 137.460615 32.306364 -22.707784 1.0 1.0
mass 13 312.911184 114.835962 8.342965 5.878311 1.0 1.0
mass 14 290.521818 132.872407 33.212103 28.391710 1.0 1.0
mass 15 281.048450 160.314206 66.319674 32.935324 1.0 1.0
mass 16 287.450075 188.730522 93.898071 21.966741 1.0 1.0
mass 17 305.987715 211.206959 112.571044 5.089593 1.0 1.0
mass 18 333.289699 220.830317 121.166705 -17.204713 1.0 1.0
mass 19 361.089678 214.901909 117.183695 -41.776506 1.0 1.0
mass 20 382.690515 197.005784 101.789802 -63.980298 1.0 1.0
mass 21 392.095364 170.108402 75.453780 -78.414351 1.0 1.0
mass 22 386.286391 142.033621 41.812216 -77.402424 1.0 1.0
mass 23 368.355658 119.326317 12.658676 -58.885262 1.0 1.0
mass 24 341.159901 109.253775 -0.645459 -27.346079 1.0 1.0
mass 25 300.792976 88.652764 -23.770230 17.788258 1.0 1.0
mass 26 266.917041 116.942125 11.387083 52.603190 1.0 1.0
mass 27 252.824303 157.992984 59.144863 62.163730 1.0 1.0
mass 28 261.812599 201.245775 103.542171 47.141708 1.0 1.0
mass 29 290.323965 234.792944 133.016945 18.136362 1.0 1.0
mass 30 330.805232 249.331769 145.899409 -16.478401 1.0 1.0
mass 31 373.715232 241.181453 141.068680 -55.103677 1.0 1.0
mass 32 406.314817 213.217096 116.087430 -90.844012 1.0 1.0
mass 33 420.647493 172.661774 73.304028 -110.880720 1.0 1.0
mass 34 412.375908 129.697207 24.072484 -106.129512 1.0 1.0
mass 35 384.555754 95.915740 -16.565355 -77.142380 1.0 1.0
mass 36 344.134757 80.886540 -34.250916 -30.871105 1.0 1.0
mass 37 288.774590 62.672780 -55.431084 28.821437 1.0 1.0
mass 38 244.055965 100.457489 -9.756397 76.701354 1.0 1.0
mass 39 224.574635 156.693148 53.845562 91.755892 1.0 1.0
mass 40 235.856891 213.935639 112.462316 73.437061 1.0 1.0
mass 41 273.697931 257.991035 152.320671 33.701056 1.0 1.0
mass 42 329.129445 277.782400 170.727571 -15.899371 1.0 1.0
mass 43 386.065290 267.474982 165.436658 -68.761273 1.0 1.0
mass 44 429.946314 229.605765 132.087682 -116.795195 1.0 1.0
mass 45 449.164590 174.189613 73.084826 -143.228528 1.0 1.0
mass 46 438.674101 117.351918 9.340834 -136.225613 1.0 1.0
mass 47 401.586435 72.955570 -42.523445 -98.317857 1.0 1.0
mass 48 346.207804 52.561279 -67.447974 -34.980297 1.0 1.0
spng 1 1 2 150.0 2.0 14.0
spng 2 2 3 150.0 2.0 14.0
spng 3 3 4 150.0 2.0 14.0
spng 4 4 5 150.0 2.0 14.0
spng 5 5 6 150.0 2.0 14.0
spng 6 6 7 150.0 2.0 14.0
spng 7 7 8 150.0 2.0 14.0
spng 8 8 9 150.0 2.0 14.0
spng 9 9 10 150.0 2.0 14.0
spng 10 10 11 150.0 2.0 14.0
spng 11 11 12 150.0 2.0 14.0
spng 12 12 1 150.0 2.0 14.0
spng 13 13 14 150.0 2.0 28.0
spng 14 14 15 150.0 2.0 28.0
spng 15 15 16 150.0 2.0 28.0
spng 16 16 17 150.0 2.0 28.0
spng 17 17 18 150.0 2.0 28.0
spng 18 18 19 150.0 2.0 28.0
spng 19 19 20 150.0 2.0 28.0
spng 20 20 21 150.0 2.0 28.0
spng 21 21 22 150.0 2.0 28.0
spng 22 22 23 150.0 2.0 28.0
spng 23 23 24 150.0 2.0 28.0
spng 24 24 13 150.0 2.0 28.0
spng 25 25 26 150.0 2.0 44.0
spng 26 26 27 150.0 2.0 43.0
spng 27 27 28 150.0 2.0 44.0
spng 28 28 29 150.0 2.0 44.0
spng 29 29 30 150.0 2.0 43.0
spng 30 30 31 150.0 2.0 44.0
spng 31 31 32 150.0 2.0 43.0
spng 32 32 33 150.0 2.0 43.0
spng 33 33 34 150.0 2.0 44.0
spng 34 34 35 150.0 2.0 44.0
spng 35 35 36 150.0 2.0 43.0
spng 36 36 25 150.0 2.0 44.0
spng 37 37 38 150.0 2.0 58.0
spng 38 38 39 150.0 2.0 59.0
spng 39 39 40 150.0 2.0 58.0
spng 40 40 41 150.0 2.0 58.0
spng 41 41 42 150.0 2.0 59.0
spng 42 42 43 150.0 2.0 58.0
spng 43 43 44 150.0 2.0 58.0
spng 44 44 45 150.0 2.0 59.0
spng 45 45 46 150.0 2.0 58.0
spng 46 46 47 150.0 2.0 58.0
spng 47 47 48 150.0 2.0 59.0
spng 48 48 37 150.0 2.0 58.0
spng 49 1 13 150.0 2.0 29.0
spng 50 2 14 150.0 2.0 28.0
spng 51 3 15 150.0 2.0 28.0
spng 52 4 16 150.0 2.0 29.0
spng 53 5 17 150.0 2.0 28.0
spng 54 6 18 150.0 2.0 28.0
spng 55 7 19 150.0 2.0 29.0
spng 56 8 20 150.0 2.0 28.0
spng 57 9 21 150.0 2.0 28.0
spng 58 10 22 150.0 2.0 29.0
spng 59 11 23 150.0 2.0 28.0
spng 60 12 24 150.0 2.0 28.0
spng 61 13 25 150.0 2.0 29.0
spng 62 14 26 150.0 2.0 28.0
spng 63 15 27 150.0 2.0 28.0
spng 64 16 28 150.0 2.0 29.0
spng 65 17 29 150.0 2.0 28.0
spng 66 18 30 150.0 2.0 28.0
spng 67 19 31 150.0 2.0 29.0
spng 68 20 32 150.0 2.0 28.0
spng 69 21 33 150.0 2.0 28.0
spng 70 22 34 150.0 2.0 29.0
spng 71 23 35 150.0 2.0 28.0
spng 72 24 36 150.0 2.0 28.0
spng 73 25 37 150.0 2.0 29.0
spng 74 26 38 150.0 2.0 28.0
spng 75 27 39 150.0 2.0 28.0
spng 76 28 40 150.0 2.0 29.0
spng 77 29 41 150.0 2.0 28.0
spng 78 30 42 150.0 2.0 28.0
spng 79 31 43 150.0 2.0 29.0
spng 80 32 44 150.0 2.0 28.0
spng 81 33 45 150.0 2.0 28.0
spng 82 34 46 150.0 2.0 29.0
spng 83 35 47 150.0 2.0 28.0
spng 84 36 48 150.0 2.0 28.0
spng 85 1 14 150.0 2.0 35.0
spng 86 2 15 150.0 2.0 35.0
spng 87 3 16 150.0 2.0 34.0
spng 88 4 17 150.0 2.0 35.0
spng 89 5 18 150.0 2.0 35.0
spng 90 6 19 150.0 2.0 34.0
spng 91 7 20 150.0 2.0 35.0
spng 92 8 21 150.0 2.0 35.0
spng 93 9 22 150.0 2.0 34.0
spng 94 10 23 150.0 2.0 35.0
spng 95 11 24 150.0 2.0 35.0
spng 96 12 13 150.0 2.0 34.0
spng 97 13 26 150.0 2.0 46.0
spng 98 14 27 150.0 2.0 45.0
spng 99 15 28 150.0 2.0 45.0
spng 100 16 29 150.0 2.0 46.0
spng 101 17 30 150.0 2.0 45.0
spng 102 18 31 150.0 2.0 45.0
spng 103 19 32 150.0 2.0 45.0
spng 104 20 33 150.0 2.0 45.0
spng 105 21 34 150.0 2.0 45.0
spng 106 22 35 150.0 2.0 46.0
spng 107 23 36 150.0 2.0 45.0
spng 108 24 25 150.0 2.0 45.0
spng 109 25 38 150.0 2.0 58.0
spng 110 26 39 150.0 2.0 58.0
spng 111 27 40 150.0 2.0 58.0
spng 112 28 41 150.0 2.0 58.0
spng 113 29 42 150.0 2.0 58.0
spng 114 30 43 150.0 2.0 58.0
spng 115 31 44 150.0 2.0 58.0
spng 116 32 45 150.0 2.0 58.0
spng 117 33 46 150.0 2.0 58.0
spng 118 34 47 150.0 2.0 58.0
spng 119 35 48 150.0 2.0 58.0
spng 120 36 37 150.0 2.0 58.0
spng 121 1 24 150.0 2.0 35.0
spng 122 2 13 150.0 2.0 34.0
spng 123 3 14 150.0 2.0 35.0
spng 124 4 15 150.0 2.0 35.0
spng 125 5 16 150.0 2.0 34.0
spng 126 6 17 150.0 2.0 35.0
spng 127 7 18 150.0 2.0 35.0
spng 128 8 19 150.0 2.0 34.0
spng 129 9 20 150.0 2.0 35.0
spng 130 10 21 150.0 2.0 35.0
spng 131 11 22 150.0 2.0 34.0
spng 132 12 23 150.0 2.0 35.0
spng 133 13 36 150.0 2.0 46.0
spng 134 14 25 150.0 2.0 45.0
spng 135 15 26 150.0 2.0 45.0
spng 136 16 27 150.0 2.0 46.0
spng 137 17 28 150.0 2.0 45.0
spng 138 18 29 150.0 2.0 45.0
spng 139 19 30 150.0 2.0 46.0
spng 140 20 31 150.0 2.0 45.0
spng 141 21 32 150.0 2.0 45.0
spng 142 22 33 150.0 2.0 46.0
spng 143 23 34 150.0 2.0 45.0
spng 144 24 35 150.0 2.0 45.0
spng 145 25 48 150.0 2.0 58.0
spng 146 26 37 150.0 2.0 58.0
spng 147 27 38 150.0 2.0 58.0
spng 148 28 39 150.0 2.0 58.0
spng 149 29 40 150.0 2.0 58.0
spng 150 30 41 150.0 2.0 58.0
spng 151 31 42 150.0 2.0 58.0
spng 152 32 43 150.0 2.0 58.0
spng 153 33 44 150.0 2.0 58.0
spng 154 34 45 150.0 2.0 58.0
spng 155 35 46 150.0 2.0 58.0
spng 156 36 47 150.0 2.0 58.0
spng 157 10 4 150.0 2.0 52.331631
spng 158 7 1 150.0 2.0 52.436772
spng 159 12 6 150.0 2.0 54.680698
spng 160 5 11 150.0 2.0 54.589379
spng 161 9 3 150.0 2.0 54.451569
spng 162 2 8 150.0 2.0 54.482231
spng 163 45 11 150.0 2.0 101.408150
spng 164 46 12 150.0 2.0 101.542452
spng 165 47 1 150.0 2.0 101.963064
spng 166 48 2 150.0 2.0 101.517329
spng 167 37 3 150.0 2.0 101.603694
spng 168 38 4 150.0 2.0 102.014031
spng 169 39 5 150.0 2.0 101.547660
spng 170 40 6 150.0 2.0 101.573762
spng 171 41 7 150.0 2.0 101.897300
spng 172 42 8 150.0 2.0 101.497982
spng 173 43 9 150.0 2.0 101.870594
spng 174 44 10 150.0 2.0 102.043753
spng 175 45 11 150.0 2.0 101.408150
spng 176 46 8 150.0 2.0 101.548938
spng 177 47 10 150.0 2.0 90.645939
spng 178 48 10 150.0 2.0 101.952119
spng 179 37 11 150.0 2.0 101.552352
spng 180 38 12 150.0 2.0 101.491447
spng 181 39 1 150.0 2.0 101.971524
spng 182 40 2 150.0 2.0 101.587400
spng 183 41 3 150.0 2.0 101.519279
spng 184 42 4 150.0 2.0 101.976181
spng 185 43 5 150.0 2.0 101.714570
spng 186 44 6 150.0 2.0 101.388747
spng 187 45 7 150.0 2.0 101.773286
\BARFOO\
else
  echo "will not over write ./lib/ball.xsp"
fi
if `test ! -s ./lib/belt-loop.xsp`
then
echo "writting ./lib/belt-loop.xsp"
cat > ./lib/belt-loop.xsp << '\BARFOO\'
#1.0 *** XSpringies data file
cmas 1
elas 0.5
kspr 200
kdmp 2
fixm 0
shws 1
cent -1
frce 0 1 10 0
frce 1 0 5 2
frce 2 0 10 0
frce 3 0 10000 1
visc 0
stck 0
step 0.025
prec 1
adpt 0
gsnp 10 1
wall 1 1 1 1
mass 1 230.685259467268509 198.000639528098617 0 0 1 0.5
mass 2 246.819544665523125 208.93611319711701 0 0 1 0.5
mass 3 220.295022471946254 218.643335546825597 0 0 1 0.5
mass 4 238.67649482200423 225.035312749758617 0 0 1 0.5
mass 5 215.595778693643723 241.251344035414462 0 0 1 0.5
mass 6 235.007199692766477 242.702956610661317 0 0 1 0.5
mass 7 216.873206506383923 264.301798900737083 0 0 1 0.5
mass 8 236.00326614829666 260.719317253220595 0 0 1 0.5
mass 9 224.036588349043996 286.255900233850866 0 0 1 0.5
mass 10 241.597866653510607 277.871203241342641 0 0 1 0.5
mass 11 236.621309992861455 305.629402039533829 0 0 1 0.5
mass 12 251.421557890721402 292.99934724935099 0 0 1 0.5
mass 13 253.792424920309969 321.099508533034737 0 0 1 0.5
mass 14 264.818018864051623 305.072519561654417 0 0 1 0.5
mass 15 274.393308218050322 331.596584042190898 0 0 1 0.5
mass 16 280.882298656294779 313.260444774379948 0 0 1 0.5
mass 17 297.018824562792929 336.3866716714723 0 0 1 0.5
mass 18 298.519510029752325 316.99552816008304 0 0 1 0.5
mass 19 320.113473658408111 335.132025119252376 0 0 1 0.5
mass 20 316.520689300853235 316.017318628524606 0 0 1 0.5
mass 21 342.086238401437129 327.920037717851358 0 0 1 0.5
mass 22 333.649898542223468 310.393582102845471 0 0 1 0.5
mass 23 361.429078275910115 315.255323782620167 0 0 1 0.5
mass 24 348.733911823027881 300.514750957106287 0 0 1 0.5
mass 25 376.825245483728281 298.017134605336366 0 0 1 0.5
mass 26 360.745242034028081 287.062988145221652 0 0 1 0.5
mass 27 387.237153332912158 277.390079982361215 0 0 1 0.5
mass 28 368.871265260523728 270.960682974791155 0 0 1 0.5
mass 29 391.969347722186228 254.778348285652356 0 0 1 0.5
mass 30 372.565532277016473 253.304836464642221 0 0 1 0.5
mass 31 390.707229157181757 231.71202804319509 0 0 1 0.5
mass 32 371.58038634339573 235.293270747373811 0 0 1 0.5
mass 33 383.533921936729939 209.75019692139611 0 0 1 0.5
mass 34 365.981419649200006 218.146892228712574 0 0 1 0.5
mass 35 370.927020756895502 190.382928734352191 0 0 1 0.5
mass 36 356.143899035121365 203.030755307415632 0 0 1 0.5
mass 37 353.733134892180772 174.933540458552642 0 0 1 0.5
mass 38 342.732005771691206 190.976617720724789 0 0 1 0.5
mass 39 333.118343858162518 164.466124807890537 0 0 1 0.5
mass 40 326.65494009568539 182.812441251656026 0 0 1 0.5
mass 41 310.495217668172018 159.699212662553691 0 0 1 0.5
mass 42 309.011947039510972 179.097965076083653 0 0 1 0.5
mass 43 287.387540196698978 161.011914417824244 0 0 1 0.5
mass 44 291.008898201286854 180.102444996607034 0 0 1 0.5
mass 45 265.471139622250575 168.060149999656545 0 0 1 0.5
mass 46 273.856914426562696 185.663792528421055 0 0 1 0.5
mass 47 246.095781845390633 180.737875918748898 0 0 1 0.5
mass 48 258.755680730898803 195.486261755344117 0 0 1 0.5
spng 1 1 4 200 2 28.284271247461902
spng 2 4 5 200 2 28.284271247461902
spng 3 5 8 200 2 28.284271247461902
spng 4 8 9 200 2 28.284271247461902
spng 5 9 12 200 2 28.284271247461902
spng 6 12 13 200 2 28.284271247461902
spng 7 13 16 200 2 28.284271247461902
spng 8 16 17 200 2 28.284271247461902
spng 9 17 20 200 2 28.284271247461902
spng 10 20 21 200 2 28.284271247461902
spng 11 21 24 200 2 28.284271247461902
spng 12 24 25 200 2 28.284271247461902
spng 13 25 28 200 2 28.284271247461902
spng 14 28 29 200 2 28.284271247461902
spng 15 29 32 200 2 28.284271247461902
spng 16 32 33 200 2 28.284271247461902
spng 17 33 36 200 2 28.284271247461902
spng 18 36 37 200 2 28.284271247461902
spng 19 37 40 200 2 28.284271247461902
spng 20 40 41 200 2 28.284271247461902
spng 21 41 44 200 2 28.284271247461902
spng 22 44 45 200 2 28.284271247461902
spng 23 45 48 200 2 28.284271247461902
spng 24 3 6 200 2 28.284271247461902
spng 25 7 10 200 2 28.284271247461902
spng 26 11 14 200 2 28.284271247461902
spng 27 15 18 200 2 28.284271247461902
spng 28 19 22 200 2 28.284271247461902
spng 29 23 26 200 2 28.284271247461902
spng 30 27 30 200 2 28.284271247461902
spng 31 31 34 200 2 28.284271247461902
spng 32 35 38 200 2 28.284271247461902
spng 33 39 44 200 2 44.7213595499957961
spng 34 39 42 200 2 28.284271247461902
spng 35 43 46 200 2 28.284271247461902
spng 36 47 46 200 2 28.284271247461902
spng 37 43 42 200 2 28.284271247461902
spng 38 39 38 200 2 28.284271247461902
spng 39 35 34 200 2 28.284271247461902
spng 40 2 3 200 2 28.284271247461902
spng 41 6 7 200 2 28.284271247461902
spng 42 10 11 200 2 28.284271247461902
spng 43 14 15 200 2 28.284271247461902
spng 44 18 19 200 2 28.284271247461902
spng 45 22 23 200 2 28.284271247461902
spng 46 26 27 200 2 28.284271247461902
spng 47 30 31 200 2 28.284271247461902
spng 48 1 6 200 2 44.7213595499957961
spng 49 3 8 200 2 44.7213595499957961
spng 50 5 10 200 2 44.7213595499957961
spng 51 7 12 200 2 44.7213595499957961
spng 52 9 14 200 2 44.7213595499957961
spng 53 11 16 200 2 44.7213595499957961
spng 54 13 18 200 2 44.7213595499957961
spng 55 15 20 200 2 44.7213595499957961
spng 56 17 22 200 2 44.7213595499957961
spng 57 19 24 200 2 44.7213595499957961
spng 58 21 26 200 2 44.7213595499957961
spng 59 23 28 200 2 44.7213595499957961
spng 60 25 30 200 2 44.7213595499957961
spng 61 27 32 200 2 44.7213595499957961
spng 62 29 34 200 2 44.7213595499957961
spng 63 31 36 200 2 44.7213595499957961
spng 64 33 38 200 2 44.7213595499957961
spng 65 35 40 200 2 44.7213595499957961
spng 66 37 42 200 2 44.7213595499957961
spng 67 41 46 200 2 44.7213595499957961
spng 68 43 48 200 2 44.7213595499957961
spng 69 2 5 200 2 44.7213595499957961
spng 70 4 7 200 2 44.7213595499957961
spng 71 6 9 200 2 44.7213595499957961
spng 72 8 11 200 2 44.7213595499957961
spng 73 10 13 200 2 44.7213595499957961
spng 74 12 15 200 2 44.7213595499957961
spng 75 14 17 200 2 44.7213595499957961
spng 76 16 19 200 2 44.7213595499957961
spng 77 18 21 200 2 44.7213595499957961
spng 78 20 23 200 2 44.7213595499957961
spng 79 22 25 200 2 44.7213595499957961
spng 80 24 27 200 2 44.7213595499957961
spng 81 26 29 200 2 44.7213595499957961
spng 82 28 31 200 2 44.7213595499957961
spng 83 30 33 200 2 44.7213595499957961
spng 84 32 35 200 2 44.7213595499957961
spng 85 34 37 200 2 44.7213595499957961
spng 86 36 39 200 2 44.7213595499957961
spng 87 38 41 200 2 44.7213595499957961
spng 88 40 43 200 2 44.7213595499957961
spng 89 42 45 200 2 44.7213595499957961
spng 90 44 47 200 2 44.7213595499957961
spng 91 1 8 200 2 63.2455532033675851
spng 92 3 10 200 2 63.2455532033675851
spng 93 5 12 200 2 63.2455532033675851
spng 94 7 14 200 2 63.2455532033675851
spng 95 9 16 200 2 63.2455532033675851
spng 96 11 18 200 2 63.2455532033675851
spng 97 13 20 200 2 63.2455532033675851
spng 98 15 22 200 2 63.2455532033675851
spng 99 17 24 200 2 63.2455532033675851
spng 100 19 26 200 2 63.2455532033675851
spng 101 21 28 200 2 63.2455532033675851
spng 102 23 30 200 2 63.2455532033675851
spng 103 25 32 200 2 63.2455532033675851
spng 104 27 34 200 2 63.2455532033675851
spng 105 29 36 200 2 63.2455532033675851
spng 106 31 38 200 2 63.2455532033675851
spng 107 33 40 200 2 63.2455532033675851
spng 108 35 42 200 2 63.2455532033675851
spng 109 37 44 200 2 63.2455532033675851
spng 110 39 46 200 2 63.2455532033675851
spng 111 48 41 200 2 63.2455532033675851
spng 112 2 7 200 2 63.2455532033675851
spng 113 4 9 200 2 63.2455532033675851
spng 114 6 11 200 2 63.2455532033675851
spng 115 8 13 200 2 63.2455532033675851
spng 116 10 15 200 2 63.2455532033675851
spng 117 12 17 200 2 63.2455532033675851
spng 118 14 19 200 2 63.2455532033675851
spng 119 16 21 200 2 63.2455532033675851
spng 120 18 23 200 2 63.2455532033675851
spng 121 20 25 200 2 63.2455532033675851
spng 122 22 27 200 2 63.2455532033675851
spng 123 24 29 200 2 63.2455532033675851
spng 124 26 31 200 2 63.2455532033675851
spng 125 28 33 200 2 63.2455532033675851
spng 126 30 35 200 2 63.2455532033675851
spng 127 32 37 200 2 63.2455532033675851
spng 128 34 39 200 2 63.2455532033675851
spng 129 36 41 200 2 63.2455532033675851
spng 130 38 43 200 2 63.2455532033675851
spng 131 40 45 200 2 63.2455532033675851
spng 132 42 47 200 2 63.2455532033675851
spng 133 1 3 200 2 20
spng 134 3 5 200 2 20
spng 135 5 7 200 2 20
spng 136 7 9 200 2 20
spng 137 9 11 200 2 20
spng 138 11 13 200 2 20
spng 139 13 15 200 2 20
spng 140 15 17 200 2 20
spng 141 17 19 200 2 20
spng 142 19 21 200 2 20
spng 143 21 23 200 2 20
spng 144 23 25 200 2 20
spng 145 25 27 200 2 20
spng 146 27 29 200 2 20
spng 147 29 31 200 2 20
spng 148 31 33 200 2 20
spng 149 33 35 200 2 20
spng 150 35 37 200 2 20
spng 151 37 39 200 2 20
spng 152 39 41 200 2 20
spng 153 41 43 200 2 20
spng 154 43 45 200 2 20
spng 155 45 47 200 2 20
spng 156 2 4 200 2 20
spng 157 4 6 200 2 20
spng 158 6 8 200 2 20
spng 159 8 10 200 2 20
spng 160 10 12 200 2 20
spng 161 12 14 200 2 20
spng 162 14 16 200 2 20
spng 163 16 18 200 2 20
spng 164 18 20 200 2 20
spng 165 20 22 200 2 20
spng 166 22 24 200 2 20
spng 167 24 26 200 2 20
spng 168 26 28 200 2 20
spng 169 28 30 200 2 20
spng 170 30 32 200 2 20
spng 171 32 34 200 2 20
spng 172 34 36 200 2 20
spng 173 36 38 200 2 20
spng 174 38 40 200 2 20
spng 175 40 42 200 2 20
spng 176 42 44 200 2 20
spng 177 44 46 200 2 20
spng 178 46 48 200 2 20
spng 179 1 2 200 2 20
spng 180 3 4 200 2 20
spng 181 5 6 200 2 20
spng 182 7 8 200 2 20
spng 183 9 10 200 2 20
spng 184 11 12 200 2 20
spng 185 13 14 200 2 20
spng 186 15 16 200 2 20
spng 187 17 18 200 2 20
spng 188 19 20 200 2 20
spng 189 21 22 200 2 20
spng 190 23 24 200 2 20
spng 191 25 26 200 2 20
spng 192 27 28 200 2 20
spng 193 29 30 200 2 20
spng 194 31 32 200 2 20
spng 195 33 34 200 2 20
spng 196 35 36 200 2 20
spng 197 37 38 200 2 20
spng 198 39 40 200 2 20
spng 199 41 42 200 2 20
spng 200 43 44 200 2 20
spng 201 45 46 200 2 20
spng 202 47 48 200 2 20
spng 203 47 2 200 2 28.284271247461902
spng 204 1 48 200 2 28.284271247461902
spng 205 1 46 200 2 44.7213595499957961
spng 206 1 44 200 2 63.2455532033675851
spng 207 47 4 200 2 44.7213595499957961
spng 208 48 3 200 2 44.7213595499957961
spng 209 47 6 200 2 63.2455532033675851
spng 210 48 5 200 2 63.2455532033675851
spng 211 46 3 200 2 63.2455532033675851
spng 212 45 4 200 2 63.2455532033675851
spng 213 47 1 200 2 20
spng 214 48 2 200 2 20
\BARFOO\
else
  echo "will not over write ./lib/belt-loop.xsp"
fi
echo "Finished archive 14 of 16"
exit

exit 0 # Just in case...
-- 
  // chris@IMD.Sterling.COM            | Send comp.sources.x submissions to:
\X/  Amiga - The only way to fly!      |
 "It's intuitively obvious to the most |    sources-x@imd.sterling.com
  casual observer..."                  |
