Newsgroups: comp.sources.x
From: dmd@gradient.cis.upenn.edu (Douglas DeCarlo)
Subject: v19i064:  xspringies - it's a spring simulator...no, it's a game, Part12/16
Message-ID: <1993Mar26.161353.10298@sparky.imd.sterling.com>
X-Md4-Signature: 12bf0024c58efd6ea1ae484219464a1a
Date: Fri, 26 Mar 1993 16:13:53 GMT
Approved: chris@sparky.imd.sterling.com

Submitted-by: dmd@gradient.cis.upenn.edu (Douglas DeCarlo)
Posting-number: Volume 19, Issue 64
Archive-name: xspringies/part12
Environment: X11
Supersedes: xspringies: Volume 14, Issue 25-30

#!/bin/sh
# to extract, remove the header and type "sh filename"
if `test ! -d ./lib`
then
  mkdir ./lib
  echo "mkdir ./lib"
fi
if `test ! -s ./lib/blanket.xsp`
then
echo "writting ./lib/blanket.xsp"
cat > ./lib/blanket.xsp << '\BARFOO\'
#1.0 *** XSpringies data file
cmas 1
elas 1
kspr 30
kdmp 1
fixm 0
shws 1
cent -1
frce 0 0 10 0
frce 1 0 5 2
frce 2 0 10 0
frce 3 0 10000 1
visc 0
stck 0
step 0.025
prec 1
adpt 0
gsnp 20 0
wall 1 1 1 1
mass 1 279.95247999999998 314.014439999999979 0 0 1 1
mass 2 279.95247999999998 294.014439999999979 0 0 1 1
mass 3 279.95247999999998 274.014439999999979 0 0 1 1
mass 4 279.95247999999998 254.014440000000008 0 0 1 1
mass 5 279.95247999999998 234.014440000000008 0 0 1 1
mass 6 299.95247999999998 314.014439999999979 0 0 1 1
mass 7 299.95247999999998 294.014439999999979 0 0 1 1
mass 8 299.95247999999998 274.014439999999979 0 0 1 1
mass 9 299.95247999999998 254.014440000000008 0 0 1 1
mass 10 299.95247999999998 234.014440000000008 0 0 1 1
mass 11 319.95247999999998 314.014439999999979 0 0 1 1
mass 12 319.95247999999998 294.014439999999979 0 0 1 1
mass 13 319.95247999999998 274.014439999999979 0 0 1 1
mass 14 319.95247999999998 254.014440000000008 0 0 1 1
mass 15 319.95247999999998 234.014440000000008 0 0 1 1
mass 16 339.95247999999998 314.014439999999979 0 0 1 1
mass 17 339.95247999999998 294.014439999999979 0 0 1 1
mass 18 339.95247999999998 274.014439999999979 0 0 1 1
mass 19 339.95247999999998 254.014440000000008 0 0 1 1
mass 20 339.95247999999998 234.014440000000008 0 0 1 1
mass 21 359.95247999999998 314.014439999999979 0 0 1 1
mass 22 359.95247999999998 294.014439999999979 0 0 1 1
mass 23 359.95247999999998 274.014439999999979 0 0 1 1
mass 24 359.95247999999998 254.014440000000008 0 0 1 1
mass 25 359.95247999999998 234.014440000000008 0 0 1 1
spng 1 1 2 30 1 20
spng 2 2 3 30 1 20
spng 3 3 4 30 1 19.9999999999999716
spng 4 4 5 30 1 20
spng 5 5 10 30 1 20
spng 6 10 9 30 1 20
spng 7 9 8 30 1 19.9999999999999716
spng 8 8 7 30 1 20
spng 9 7 6 30 1 20
spng 10 6 11 30 1 20
spng 11 11 12 30 1 20
spng 12 12 13 30 1 20
spng 13 13 14 30 1 19.9999999999999716
spng 14 14 15 30 1 20
spng 15 15 20 30 1 20
spng 16 20 19 30 1 20
spng 17 19 18 30 1 19.9999999999999716
spng 18 18 17 30 1 20
spng 19 17 16 30 1 20
spng 20 16 21 30 1 20
spng 21 21 22 30 1 20
spng 22 22 23 30 1 20
spng 23 23 24 30 1 19.9999999999999716
spng 24 24 25 30 1 20
spng 25 25 20 30 1 20
spng 26 19 24 30 1 20
spng 27 23 18 30 1 20
spng 28 17 22 30 1 20
spng 29 16 11 30 1 20
spng 30 12 17 30 1 20
spng 31 18 13 30 1 20
spng 32 14 19 30 1 20
spng 33 15 10 30 1 20
spng 34 9 14 30 1 20
spng 35 8 13 30 1 20
spng 36 12 7 30 1 20
spng 37 6 1 30 1 20
spng 38 2 7 30 1 20
spng 39 8 3 30 1 20
spng 40 4 9 30 1 20
spng 41 1 7 30 1 28.284271247461902
spng 42 6 2 30 1 28.284271247461902
spng 43 2 8 30 1 28.284271247461902
spng 44 7 3 30 1 28.284271247461902
spng 45 3 4 30 1 19.9999999999999716
spng 46 8 4 30 1 28.2842712474618807
spng 47 3 4 30 1 19.9999999999999716
spng 48 3 9 30 1 28.2842712474618807
spng 49 9 5 30 1 28.284271247461902
spng 50 4 10 30 1 28.284271247461902
spng 51 9 15 30 1 28.284271247461902
spng 52 14 10 30 1 28.284271247461902
spng 53 8 14 30 1 28.2842712474618807
spng 54 13 9 30 1 28.2842712474618807
spng 55 7 13 30 1 28.284271247461902
spng 56 12 8 30 1 28.284271247461902
spng 57 7 12 30 1 20
spng 58 12 6 30 1 28.284271247461902
spng 59 7 11 30 1 28.284271247461902
spng 60 11 17 30 1 28.284271247461902
spng 61 16 12 30 1 28.284271247461902
spng 62 12 17 30 1 20
spng 63 12 18 30 1 28.284271247461902
spng 64 17 13 30 1 28.284271247461902
spng 65 13 19 30 1 28.2842712474618807
spng 66 18 14 30 1 28.2842712474618807
spng 67 14 20 30 1 28.284271247461902
spng 68 19 15 30 1 28.284271247461902
spng 69 19 25 30 1 28.284271247461902
spng 70 24 20 30 1 28.284271247461902
spng 71 18 24 30 1 28.2842712474618807
spng 72 23 19 30 1 28.2842712474618807
spng 73 17 23 30 1 28.284271247461902
spng 74 22 18 30 1 28.284271247461902
spng 75 16 22 30 1 28.284271247461902
spng 76 21 17 30 1 28.284271247461902
spng 77 1 12 30 1 44.7213595499957961
spng 78 2 11 30 1 44.7213595499957961
spng 79 6 17 30 1 44.7213595499957961
spng 80 7 16 30 1 44.7213595499957961
spng 81 11 22 30 1 44.7213595499957961
spng 82 12 21 30 1 44.7213595499957961
spng 83 2 13 30 1 44.7213595499957961
spng 84 12 3 30 1 44.7213595499957961
spng 85 7 18 30 1 44.7213595499957961
spng 86 8 17 30 1 44.7213595499957961
spng 87 12 23 30 1 44.7213595499957961
spng 88 13 22 30 1 44.7213595499957961
spng 89 3 14 30 1 44.7213595499957819
spng 90 4 13 30 1 44.7213595499957819
spng 91 8 19 30 1 44.7213595499957819
spng 92 9 18 30 1 44.7213595499957819
spng 93 13 24 30 1 44.7213595499957819
spng 94 14 23 30 1 44.7213595499957819
spng 95 4 15 30 1 44.7213595499957961
spng 96 5 14 30 1 44.7213595499957961
spng 97 9 20 30 1 44.7213595499957961
spng 98 10 19 30 1 44.7213595499957961
spng 99 14 25 30 1 44.7213595499957961
spng 100 15 24 30 1 44.7213595499957961
spng 101 1 8 30 1 44.7213595499957961
spng 102 3 6 30 1 44.7213595499957961
spng 103 6 13 30 1 44.7213595499957961
spng 104 11 8 30 1 44.7213595499957961
spng 105 11 18 30 1 44.7213595499957961
spng 106 16 13 30 1 44.7213595499957961
spng 107 16 22 30 1 28.284271247461902
spng 108 16 23 30 1 44.7213595499957961
spng 109 21 18 30 1 44.7213595499957961
spng 110 3 10 30 1 44.7213595499957677
spng 111 8 5 30 1 44.7213595499957677
spng 112 8 15 30 1 44.7213595499957677
spng 113 13 10 30 1 44.7213595499957677
spng 114 13 20 30 1 44.7213595499957677
spng 115 18 15 30 1 44.7213595499957677
spng 116 18 25 30 1 44.7213595499957677
spng 117 23 20 30 1 44.7213595499957677
spng 118 2 9 30 1 44.7213595499957677
spng 119 7 4 30 1 44.7213595499957677
spng 120 7 14 30 1 44.7213595499957677
spng 121 12 9 30 1 44.7213595499957677
spng 122 12 19 30 1 44.7213595499957677
spng 123 17 14 30 1 44.7213595499957677
spng 124 17 24 30 1 44.7213595499957677
spng 125 22 19 30 1 44.7213595499957677
spng 126 1 18 30 1 72.1110255092797843
spng 127 3 16 30 1 72.1110255092797843
spng 128 6 23 30 1 72.1110255092797843
spng 129 8 21 30 1 72.1110255092797843
spng 130 2 19 30 1 72.1110255092797701
spng 131 4 17 30 1 72.1110255092797701
spng 132 7 24 30 1 72.1110255092797701
spng 133 9 22 30 1 72.1110255092797701
spng 134 3 20 30 1 72.1110255092797701
spng 135 5 18 30 1 72.1110255092797701
spng 136 8 25 30 1 72.1110255092797701
spng 137 10 23 30 1 72.1110255092797701
spng 138 1 14 30 1 72.1110255092797559
spng 139 4 11 30 1 72.1110255092797559
spng 140 6 19 30 1 72.1110255092797559
spng 141 9 16 30 1 72.1110255092797559
spng 142 11 24 30 1 72.1110255092797559
spng 143 14 21 30 1 72.1110255092797559
spng 144 2 15 30 1 72.1110255092797559
spng 145 5 12 30 1 72.1110255092797559
spng 146 7 20 30 1 72.1110255092797559
spng 147 10 17 30 1 72.1110255092797559
spng 148 12 25 30 1 72.1110255092797559
spng 149 15 22 30 1 72.1110255092797559
spng 150 5 13 30 1 56.5685424949237827
spng 151 1 13 30 1 56.568542494923804
spng 152 11 3 30 1 56.568542494923804
spng 153 11 23 30 1 56.568542494923804
spng 154 13 21 30 1 56.568542494923804
spng 155 13 25 30 1 56.5685424949237827
spng 156 23 15 30 1 56.5685424949237827
spng 157 3 15 30 1 56.5685424949237827
spng 158 2 14 30 1 56.5685424949237827
spng 159 12 4 30 1 56.5685424949237827
spng 160 6 18 30 1 56.568542494923804
spng 161 16 8 30 1 56.568542494923804
spng 162 12 24 30 1 56.5685424949237827
spng 163 22 14 30 1 56.5685424949237827
spng 164 8 20 30 1 56.5685424949237827
spng 165 18 10 30 1 56.5685424949237827
spng 166 7 19 30 1 56.5685424949237827
spng 167 17 9 30 1 56.5685424949237827
\BARFOO\
else
  echo "will not over write ./lib/blanket.xsp"
fi
if `test ! -s ./lib/bridge.xsp`
then
echo "writting ./lib/bridge.xsp"
cat > ./lib/bridge.xsp << '\BARFOO\'
#1.0 *** XSpringies data file
cmas 1
elas 1
kspr 10
kdmp 1
fixm 0
shws 1
cent -1
frce 0 1 10 0
frce 1 0 5 2
frce 2 0 10 0
frce 3 0 10000 1
visc 0
stck 0
step 0.025
prec 1
adpt 0
gsnp 5 0
wall 1 1 1 1
mass 1 40 230 0 0 1 1
mass 2 60 230 0 0 1 1
mass 3 80 230 0 0 1 1
mass 4 100 230 0 0 1 1
mass 5 120 230 0 0 1 1
mass 6 140 230 0 0 1 1
mass 7 160 230 0 0 1 1
mass 8 180 230 0 0 1 1
mass 9 200 230 0 0 1 1
mass 10 220 230 0 0 1 1
mass 11 240 230 0 0 1 1
mass 12 260 230 0 0 1 1
mass 13 300 230 0 0 1 1
mass 14 280 230 0 0 1 1
mass 15 320 230 0 0 1 1
mass 16 340 230 0 0 1 1
mass 17 360 230 0 0 1 1
mass 18 380 230 0 0 1 1
mass 19 400 230 0 0 1 1
mass 20 420 230 0 0 1 1
mass 21 440 230 0 0 1 1
mass 22 460 230 0 0 1 1
mass 23 20 230 0 0 1 1
mass 24 480 230 0 0 1 1
mass 25 500 230 0 0 1 1
mass 26 520 230 0 0 1 1
mass 27 540 230 0 0 1 1
mass 28 560 230 0 0 1 1
mass 29 580 230 0 0 1 1
mass 30 600 230 0 0 1 1
mass 31 620 230 0 0 1 1
mass 32 640 230 0 0 -1 1
mass 33 0 230 0 0 -1 1
mass 34 0 210 0 0 -1 1
mass 35 20 210 0 0 1 1
mass 36 40 210 0 0 1 1
mass 37 60 210 0 0 1 1
mass 38 80 210 0 0 1 1
mass 39 100 210 0 0 1 1
mass 40 120 210 0 0 1 1
mass 41 140 210 0 0 1 1
mass 42 160 210 0 0 1 1
mass 43 180 210 0 0 1 1
mass 44 200 210 0 0 1 1
mass 45 220 210 0 0 1 1
mass 46 240 210 0 0 1 1
mass 47 260 210 0 0 1 1
mass 48 280 210 0 0 1 1
mass 49 300 210 0 0 1 1
mass 50 320 210 0 0 1 1
mass 51 340 210 0 0 1 1
mass 52 360 210 0 0 1 1
mass 53 380 210 0 0 1 1
mass 54 400 210 0 0 1 1
mass 55 420 210 0 0 1 1
mass 56 440 210 0 0 1 1
mass 57 460 210 0 0 1 1
mass 58 480 210 0 0 1 1
mass 59 500 210 0 0 1 1
mass 60 520 210 0 0 1 1
mass 61 540 210 0 0 1 1
mass 62 560 210 0 0 1 1
mass 63 580 210 0 0 1 1
mass 64 600 210 0 0 1 1
mass 65 620 210 0 0 1 1
mass 66 640 210 0 0 -1 1
mass 67 140 190 0 0 1 1
mass 68 160 190 0 0 1 1
mass 69 140 170 0 0 1 1
mass 70 160 170 0 0 1 1
mass 71 140 150 0 0 1 1
mass 72 160 150 0 0 1 1
mass 73 140 130 0 0 1 1
mass 74 160 130 0 0 1 1
mass 75 140 110 0 0 1 1
mass 76 160 110 0 0 1 1
mass 77 140 90 0 0 1 1
mass 78 160 90 0 0 1 1
mass 79 480 190 0 0 1 1
mass 80 500 190 0 0 1 1
mass 81 480 170 0 0 1 1
mass 82 500 170 0 0 1 1
mass 83 480 150 0 0 1 1
mass 84 500 150 0 0 1 1
mass 85 500 130 0 0 1 1
mass 86 480 130 0 0 1 1
mass 87 480 110 0 0 1 1
mass 88 500 110 0 0 1 1
mass 89 480 90 0 0 1 1
mass 90 500 90 0 0 1 1
mass 91 140 70 0 0 -1 1
mass 92 160 70 0 0 -1 1
mass 93 480 70 0 0 -1 1
mass 94 500 70 0 0 -1 1
mass 95 140 250 0 0 1 1
mass 96 160 250 0 0 1 1
mass 97 160 270 0 0 1 1
mass 98 140 270 0 0 1 1
mass 99 140 290 0 0 1 1
mass 100 160 290 0 0 1 1
mass 101 160 310 0 0 1 1
mass 102 140 310 0 0 1 1
mass 103 140 330 0 0 1 1
mass 104 160 330 0 0 1 1
mass 105 160 350 0 0 1 1
mass 106 140 350 0 0 1 1
mass 107 140 370 0 0 1 1
mass 108 160 370 0 0 1 1
mass 109 160 390 0 0 1 1
mass 110 140 390 0 0 1 1
mass 111 140 410 0 0 1 1
mass 112 160 410 0 0 1 1
mass 113 480 250 0 0 1 1
mass 114 500 250 0 0 1 1
mass 115 500 270 0 0 1 1
mass 116 480 270 0 0 1 1
mass 117 480 290 0 0 1 1
mass 118 500 290 0 0 1 1
mass 119 500 310 0 0 1 1
mass 120 480 310 0 0 1 1
mass 121 480 350 0 0 1 1
mass 122 480 330 0 0 1 1
mass 123 500 330 0 0 1 1
mass 124 500 350 0 0 1 1
mass 125 500 370 0 0 1 1
mass 126 480 370 0 0 1 1
mass 127 480 390 0 0 1 1
mass 128 500 390 0 0 1 1
mass 129 500 410 0 0 1 1
mass 130 480 410 0 0 1 1
mass 131 320 240 0 0 0.5 1
mass 132 300 245 0 0 0.5 1
mass 133 340 245 0 0 0.5 1
mass 134 280 260 0 0 0.5 1
mass 135 360 260 0 0 0.5 1
mass 136 260 280 0 0 0.5 1
mass 137 380 280 0 0 0.5 1
mass 138 200 350 0 0 0.5 1
mass 139 220 325 0 0 0.5 1
mass 140 240 300 0 0 0.5 1
mass 141 180 380 0 0 0.5 1
mass 142 400 300 0 0 0.5 1
mass 143 420 325 0 0 0.5 1
mass 144 440 350 0 0 0.5 1
mass 145 460 380 0 0 0.5 1
mass 146 20 240 0 0 0.5 1
mass 147 40 255 0 0 0.5 1
mass 148 60 280 0 0 0.5 1
mass 149 80 310 0 0 0.5 1
mass 150 100 340 0 0 0.5 1
mass 151 560 310 0 0 0.5 1
mass 152 540 340 0 0 0.5 1
mass 153 600 255 0 0 0.5 1
mass 154 620 240 0 0 0.5 1
mass 155 580 280 0 0 0.5 1
mass 156 120 375 0 0 0.5 1
mass 157 520 375 0 0 0.5 1
spng 1 77 91 1000 1 20
spng 2 78 92 1000 1 20
spng 3 77 75 1000 1 20
spng 4 75 78 1000 1 28.284271247461902
spng 5 77 76 1000 1 28.284271247461902
spng 6 76 78 1000 1 20
spng 7 78 77 1000 1 20
spng 8 75 76 1000 1 20
spng 9 76 73 1000 1 28.284271247461902
spng 10 73 74 1000 1 20
spng 11 74 75 1000 1 28.284271247461902
spng 12 75 73 1000 1 20
spng 13 73 71 1000 1 20
spng 14 71 74 1000 1 28.284271247461902
spng 15 74 72 1000 1 20
spng 16 72 73 1000 1 28.284271247461902
spng 17 76 74 1000 1 20
spng 18 72 71 1000 1 20
spng 19 71 69 1000 1 20
spng 20 67 69 1000 1 20
spng 21 41 67 1000 1 20
spng 22 42 68 1000 1 20
spng 23 68 70 1000 1 20
spng 24 70 72 1000 1 20
spng 25 72 69 1000 1 28.284271247461902
spng 26 71 70 1000 1 28.284271247461902
spng 27 70 67 1000 1 28.284271247461902
spng 28 67 42 1000 1 28.284271247461902
spng 29 42 41 1000 1 20
spng 30 41 68 1000 1 28.284271247461902
spng 31 68 67 1000 1 20
spng 32 69 68 1000 1 28.284271247461902
spng 33 70 69 1000 1 20
spng 34 6 41 1000 1 20
spng 35 7 42 1000 1 20
spng 36 95 6 1000 1 20
spng 37 111 110 1000 1 20
spng 38 110 107 1000 1 20
spng 39 107 106 1000 1 20
spng 40 106 103 1000 1 20
spng 41 103 102 1000 1 20
spng 42 102 99 1000 1 20
spng 43 98 95 1000 1 20
spng 44 7 96 1000 1 20
spng 45 96 97 1000 1 20
spng 46 100 101 1000 1 20
spng 47 101 104 1000 1 20
spng 48 104 105 1000 1 20
spng 49 105 108 1000 1 20
spng 50 108 109 1000 1 20
spng 51 109 112 1000 1 20
spng 52 112 111 1000 1 20
spng 53 111 109 1000 1 28.284271247461902
spng 54 112 110 1000 1 28.284271247461902
spng 55 110 109 1000 1 20
spng 56 109 107 1000 1 28.284271247461902
spng 57 107 108 1000 1 20
spng 58 108 110 1000 1 28.284271247461902
spng 59 107 105 1000 1 28.284271247461902
spng 60 105 103 1000 1 28.284271247461902
spng 61 103 101 1000 1 28.284271247461902
spng 62 101 99 1000 1 28.284271247461902
spng 63 97 95 1000 1 28.284271247461902
spng 64 95 7 1000 1 28.284271247461902
spng 65 42 6 1000 1 28.284271247461902
spng 66 41 7 1000 1 28.284271247461902
spng 67 6 7 1000 1 20
spng 68 6 96 1000 1 28.284271247461902
spng 69 96 95 1000 1 20
spng 70 96 98 1000 1 28.284271247461902
spng 71 100 97 1000 1 20
spng 72 97 98 1000 1 20
spng 73 98 99 1000 1 20
spng 74 99 97 1000 1 28.284271247461902
spng 75 98 100 1000 1 28.284271247461902
spng 76 100 99 1000 1 20
spng 77 100 102 1000 1 28.284271247461902
spng 78 102 101 1000 1 20
spng 79 102 104 1000 1 28.284271247461902
spng 80 104 103 1000 1 20
spng 81 104 106 1000 1 28.284271247461902
spng 82 106 108 1000 1 28.284271247461902
spng 83 105 106 1000 1 20
spng 84 91 78 1000 1 28.284271247461902
spng 85 92 77 1000 1 28.284271247461902
spng 86 89 93 1000 1 20
spng 87 93 90 1000 1 28.284271247461902
spng 88 90 89 1000 1 20
spng 89 89 94 1000 1 28.284271247461902
spng 90 90 94 1000 1 20
spng 91 90 88 1000 1 20
spng 92 88 87 1000 1 20
spng 93 87 89 1000 1 20
spng 94 89 88 1000 1 28.284271247461902
spng 95 88 85 1000 1 20
spng 96 85 86 1000 1 20
spng 97 86 87 1000 1 20
spng 98 87 85 1000 1 28.284271247461902
spng 99 85 84 1000 1 20
spng 100 84 83 1000 1 20
spng 101 83 86 1000 1 20
spng 102 86 84 1000 1 28.284271247461902
spng 103 90 87 1000 1 28.284271247461902
spng 104 88 86 1000 1 28.284271247461902
spng 105 85 83 1000 1 28.284271247461902
spng 106 84 81 1000 1 28.284271247461902
spng 107 81 82 1000 1 20
spng 108 82 83 1000 1 28.284271247461902
spng 109 83 81 1000 1 20
spng 110 81 79 1000 1 20
spng 111 79 82 1000 1 28.284271247461902
spng 112 82 80 1000 1 20
spng 113 80 79 1000 1 20
spng 114 81 80 1000 1 28.284271247461902
spng 115 82 84 1000 1 20
spng 116 130 127 1000 1 20
spng 117 127 126 1000 1 20
spng 118 126 121 1000 1 20
spng 119 121 122 1000 1 20
spng 120 122 120 1000 1 20
spng 121 120 117 1000 1 20
spng 122 117 116 1000 1 20
spng 123 116 113 1000 1 20
spng 124 113 24 1000 1 20
spng 125 25 114 1000 1 20
spng 126 114 115 1000 1 20
spng 127 115 118 1000 1 20
spng 128 118 119 1000 1 20
spng 129 119 123 1000 1 20
spng 130 123 124 1000 1 20
spng 131 124 125 1000 1 20
spng 132 125 128 1000 1 20
spng 133 128 129 1000 1 20
spng 134 129 130 1000 1 20
spng 135 130 128 1000 1 28.284271247461902
spng 136 129 127 1000 1 28.284271247461902
spng 137 127 128 1000 1 20
spng 138 128 126 1000 1 28.284271247461902
spng 139 127 125 1000 1 28.284271247461902
spng 140 125 126 1000 1 20
spng 141 126 124 1000 1 28.284271247461902
spng 142 125 121 1000 1 28.284271247461902
spng 143 121 124 1000 1 20
spng 144 124 122 1000 1 28.284271247461902
spng 145 121 123 1000 1 28.284271247461902
spng 146 123 122 1000 1 20
spng 147 122 119 1000 1 28.284271247461902
spng 148 123 120 1000 1 28.284271247461902
spng 149 120 119 1000 1 20
spng 150 119 117 1000 1 28.284271247461902
spng 151 117 118 1000 1 20
spng 152 118 116 1000 1 28.284271247461902
spng 153 116 115 1000 1 20
spng 154 115 113 1000 1 28.284271247461902
spng 155 120 118 1000 1 28.284271247461902
spng 156 117 115 1000 1 28.284271247461902
spng 157 116 114 1000 1 28.284271247461902
spng 158 114 113 1000 1 20
spng 159 113 25 1000 1 28.284271247461902
spng 160 25 58 1000 1 28.284271247461902
spng 161 58 24 1000 1 20
spng 162 24 114 1000 1 28.284271247461902
spng 163 24 25 1000 1 20
spng 164 25 59 1000 1 20
spng 165 59 24 1000 1 28.284271247461902
spng 166 59 80 1000 1 20
spng 167 80 58 1000 1 28.284271247461902
spng 168 58 79 1000 1 20
spng 169 79 59 1000 1 28.284271247461902
spng 170 60 61 50 1 20
spng 171 61 62 50 1 20
spng 172 62 63 50 1 20
spng 173 63 64 50 1 20
spng 174 64 65 50 1 20
spng 175 65 66 50 1 20
spng 176 32 31 50 1 20
spng 177 31 30 50 1 20
spng 178 30 29 50 1 20
spng 179 29 28 50 1 20
spng 180 28 27 50 1 20
spng 181 27 26 50 1 20
spng 182 26 25 50 1 20
spng 183 33 23 50 1 20
spng 184 23 1 50 1 20
spng 185 1 2 50 1 20
spng 186 2 3 50 1 20
spng 187 3 4 50 1 20
spng 188 4 5 50 1 20
spng 189 5 6 50 1 20
spng 190 7 8 50 1 20
spng 191 8 9 50 1 20
spng 192 9 10 50 1 20
spng 193 10 11 50 1 20
spng 194 11 12 50 1 20
spng 195 12 14 50 1 20
spng 196 14 13 50 1 20
spng 197 13 15 50 1 20
spng 198 15 16 50 1 20
spng 199 16 17 50 1 20
spng 200 17 18 50 1 20
spng 201 18 19 50 1 20
spng 202 19 20 50 1 20
spng 203 20 21 50 1 20
spng 204 21 22 50 1 20
spng 205 22 24 50 1 20
spng 206 34 35 50 1 20
spng 207 35 36 50 1 20
spng 208 36 37 50 1 20
spng 209 37 38 50 1 20
spng 210 38 39 50 1 20
spng 211 39 40 50 1 20
spng 212 40 41 50 1 20
spng 213 42 43 50 1 20
spng 214 43 44 50 1 20
spng 215 44 45 50 1 20
spng 216 45 46 50 1 20
spng 217 46 47 50 1 20
spng 218 47 48 50 1 20
spng 219 48 49 50 1 20
spng 220 49 50 50 1 20
spng 221 50 51 50 1 20
spng 222 51 52 50 1 20
spng 223 52 53 50 1 20
spng 224 53 54 50 1 20
spng 225 54 55 50 1 20
spng 226 55 56 50 1 20
spng 227 56 57 50 1 20
spng 228 57 58 50 1 20
spng 229 33 35 50 1 28.284271247461902
spng 230 35 1 50 1 28.284271247461902
spng 231 1 37 50 1 28.284271247461902
spng 232 37 3 50 1 28.284271247461902
spng 233 3 39 50 1 28.284271247461902
spng 234 39 5 50 1 28.284271247461902
spng 235 5 41 50 1 28.284271247461902
spng 236 7 43 50 1 28.284271247461902
spng 237 43 9 50 1 28.284271247461902
spng 238 9 45 50 1 28.284271247461902
spng 239 45 11 50 1 28.284271247461902
spng 240 11 47 50 1 28.284271247461902
spng 241 47 14 50 1 28.284271247461902
spng 242 14 49 50 1 28.284271247461902
spng 243 49 15 50 1 28.284271247461902
spng 244 15 51 50 1 28.284271247461902
spng 245 51 17 50 1 28.284271247461902
spng 246 17 53 50 1 28.284271247461902
spng 247 53 19 50 1 28.284271247461902
spng 248 19 55 50 1 28.284271247461902
spng 249 55 21 50 1 28.284271247461902
spng 250 21 57 50 1 28.284271247461902
spng 251 57 24 50 1 28.284271247461902
spng 252 25 60 50 1 28.284271247461902
spng 253 60 27 50 1 28.284271247461902
spng 254 27 62 50 1 28.284271247461902
spng 255 62 29 50 1 28.284271247461902
spng 256 29 64 50 1 28.284271247461902
spng 257 64 31 50 1 28.284271247461902
spng 258 31 66 50 1 28.284271247461902
spng 259 34 23 50 1 28.284271247461902
spng 260 23 36 50 1 28.284271247461902
spng 261 36 2 50 1 28.284271247461902
spng 262 2 38 50 1 28.284271247461902
spng 263 38 4 50 1 28.284271247461902
spng 264 4 40 50 1 28.284271247461902
spng 265 40 6 50 1 28.284271247461902
spng 266 42 8 50 1 28.284271247461902
spng 267 8 44 50 1 28.284271247461902
spng 268 44 10 50 1 28.284271247461902
spng 269 10 46 50 1 28.284271247461902
spng 270 46 12 50 1 28.284271247461902
spng 271 12 48 50 1 28.284271247461902
spng 272 48 13 50 1 28.284271247461902
spng 273 13 50 50 1 28.284271247461902
spng 274 50 16 50 1 28.284271247461902
spng 275 16 52 50 1 28.284271247461902
spng 276 52 18 50 1 28.284271247461902
spng 277 18 54 50 1 28.284271247461902
spng 278 54 20 50 1 28.284271247461902
spng 279 20 56 50 1 28.284271247461902
spng 280 56 22 50 1 28.284271247461902
spng 281 22 58 50 1 28.284271247461902
spng 282 59 26 50 1 28.284271247461902
spng 283 26 61 50 1 28.284271247461902
spng 284 61 28 50 1 28.284271247461902
spng 285 28 63 50 1 28.284271247461902
spng 286 63 30 50 1 28.284271247461902
spng 287 30 65 50 1 28.284271247461902
spng 288 65 32 50 1 28.284271247461902
spng 289 23 35 50 1 20
spng 290 1 36 50 1 20
spng 291 2 37 50 1 20
spng 292 3 38 50 1 20
spng 293 4 39 50 1 20
spng 294 5 40 50 1 20
spng 295 8 43 50 1 20
spng 296 9 44 50 1 20
spng 297 10 45 50 1 20
spng 298 11 46 50 1 20
spng 299 12 47 50 1 20
spng 300 14 48 50 1 20
spng 301 13 49 50 1 20
spng 302 15 50 50 1 20
spng 303 16 51 50 1 20
spng 304 17 52 50 1 20
spng 305 18 53 50 1 20
spng 306 19 54 50 1 20
spng 307 20 55 50 1 20
spng 308 21 56 50 1 20
spng 309 22 57 50 1 20
spng 310 26 60 50 1 20
spng 311 27 61 50 1 20
spng 312 28 62 50 1 20
spng 313 29 63 50 1 20
spng 314 30 64 50 1 20
spng 315 31 65 50 1 20
spng 316 33 146 1000 2 22.3606797749978981
spng 317 146 147 1000 2 25
spng 318 147 148 1000 2 32.0156211871642427
spng 319 148 149 1000 2 36.0555127546398921
spng 320 149 150 1000 2 36.0555127546398921
spng 321 150 156 1000 2 40.3112887414927457
spng 322 156 111 1000 2 40.3112887414927457
spng 323 112 141 1000 2 36.0555127546398921
spng 324 141 138 1000 2 36.0555127546398921
spng 325 138 139 1000 2 32.0156211871642427
spng 326 139 140 1000 2 32.0156211871642427
spng 327 140 136 1000 2 28.284271247461902
spng 328 136 134 1000 2 28.284271247461902
spng 329 134 132 1000 2 25
spng 330 132 131 1000 2 20.6155281280883038
spng 331 131 133 1000 2 20.6155281280883038
spng 332 133 135 1000 2 25
spng 333 135 137 1000 2 28.284271247461902
spng 334 137 142 1000 2 28.284271247461902
spng 335 142 143 1000 2 32.0156211871642427
spng 336 143 144 1000 2 32.0156211871642427
spng 337 144 145 1000 2 36.0555127546398921
spng 338 145 130 1000 2 36.0555127546398921
spng 339 129 157 1000 2 40.3112887414927457
spng 340 157 152 1000 2 40.3112887414927457
spng 341 152 151 1000 2 36.0555127546398921
spng 342 151 155 1000 2 36.0555127546398921
spng 343 155 153 1000 2 32.0156211871642427
spng 344 153 154 1000 2 25
spng 345 154 32 1000 2 22.3606797749978981
spng 346 146 23 1000 2 10
spng 347 147 1 1000 2 25
spng 348 148 2 1000 2 50
spng 349 3 149 1000 2 80
spng 350 150 4 1000 2 110
spng 351 5 156 1000 2 145
spng 352 141 8 1000 2 150
spng 353 9 138 1000 2 120
spng 354 139 10 1000 2 95
spng 355 11 140 1000 2 70
spng 356 136 12 1000 2 50
spng 357 134 14 1000 2 30
spng 358 132 13 1000 2 15
spng 359 131 15 1000 2 10
spng 360 133 16 1000 2 15
spng 361 17 135 1000 2 30
spng 362 137 18 1000 2 50
spng 363 19 142 1000 2 70
spng 364 20 143 1000 2 95
spng 365 21 144 1000 2 120
spng 366 22 145 1000 2 150
spng 367 26 157 1000 2 145
spng 368 152 27 1000 2 110
spng 369 28 151 1000 2 80
spng 370 29 155 1000 2 50
spng 371 30 153 1000 2 25
spng 372 31 154 1000 2 10
spng 373 59 60 50 1 20
spng 374 58 59 1000 1 20
\BARFOO\
else
  echo "will not over write ./lib/bridge.xsp"
fi
if `test ! -s ./lib/diamond-chain.xsp`
then
echo "writting ./lib/diamond-chain.xsp"
cat > ./lib/diamond-chain.xsp << '\BARFOO\'
#1.0 *** XSpringies data file
cmas 1.0
elas 1.0
kspr 200.0
kdmp 5.0
fixm 0
shws 1
cent -1
frce 0 0 10.0 0.0
frce 1 0 5.0 2.0
frce 2 0 10.0 0.0
frce 3 0 10000.0 1.0
visc 0.0
stck 0.0
step 0.025000
prec 1.0
adpt 0
gsnp 20.0 0
wall 1 1 1 1
mass 1 460.0 350.0 0.0 0.0 1.0 1.0
mass 3 460.0 310.0 0.0 0.0 1.0 1.0
mass 5 480.0 330.0 0.0 0.0 1.0 1.0
mass 6 500.0 350.0 0.0 0.0 1.0 1.0
mass 7 500.0 310.0 0.0 0.0 1.0 1.0
mass 8 520.0 330.0 0.0 0.0 1.0 1.0
mass 9 540.0 350.0 0.0 0.0 1.0 1.0
mass 10 540.0 310.0 0.0 0.0 1.0 1.0
mass 11 560.0 330.0 0.0 0.0 1.0 1.0
mass 15 340.0 350.0 0.0 0.0 1.0 1.0
mass 17 340.0 310.0 0.0 0.0 1.0 1.0
mass 18 360.0 330.0 0.0 0.0 1.0 1.0
mass 19 380.0 350.0 0.0 0.0 1.0 1.0
mass 20 380.0 310.0 0.0 0.0 1.0 1.0
mass 21 400.0 330.0 0.0 0.0 1.0 1.0
mass 22 420.0 350.0 0.0 0.0 1.0 1.0
mass 23 420.0 310.0 0.0 0.0 1.0 1.0
mass 25 220.0 350.0 0.0 0.0 1.0 1.0
mass 27 220.0 310.0 0.0 0.0 1.0 1.0
mass 29 260.0 350.0 0.0 0.0 1.0 1.0
mass 30 260.0 310.0 0.0 0.0 1.0 1.0
mass 31 280.0 330.0 0.0 0.0 1.0 1.0
mass 32 300.0 350.0 0.0 0.0 1.0 1.0
mass 33 300.0 310.0 0.0 0.0 1.0 1.0
mass 35 100.0 350.0 0.0 0.0 1.0 1.0
mass 36 80.0 330.0 0.0 0.0 1.0 1.0
mass 37 100.0 310.0 0.0 0.0 1.0 1.0
mass 38 120.0 330.0 0.0 0.0 1.0 1.0
mass 39 140.0 350.0 0.0 0.0 1.0 1.0
mass 40 140.0 310.0 0.0 0.0 1.0 1.0
mass 41 160.0 330.0 0.0 0.0 1.0 1.0
mass 42 180.0 350.0 0.0 0.0 1.0 1.0
mass 43 180.0 310.0 0.0 0.0 1.0 1.0
mass 45 200.0 330.0 0.0 0.0 1.0 1.0
mass 46 240.0 330.0 0.0 0.0 1.0 1.0
mass 47 320.0 330.0 0.0 0.0 1.0 1.0
mass 48 440.0 330.0 0.0 0.0 1.0 1.0
spng 2 1 5 200.0 5.0 28.284271
spng 3 5 6 200.0 5.0 28.284271
spng 4 6 8 200.0 5.0 28.284271
spng 5 8 9 200.0 5.0 28.284271
spng 6 9 11 200.0 5.0 28.284271
spng 7 11 10 200.0 5.0 28.284271
spng 8 10 8 200.0 5.0 28.284271
spng 9 8 7 200.0 5.0 28.284271
spng 10 7 5 200.0 5.0 28.284271
spng 11 5 3 200.0 5.0 28.284271
spng 15 8 11 200.0 5.0 40.0
spng 16 9 10 200.0 5.0 40.0
spng 17 6 7 200.0 5.0 40.0
spng 18 1 3 200.0 5.0 40.0
spng 20 15 18 200.0 5.0 28.284271
spng 21 18 19 200.0 5.0 28.284271
spng 22 19 21 200.0 5.0 28.284271
spng 23 21 22 200.0 5.0 28.284271
spng 26 23 21 200.0 5.0 28.284271
spng 27 21 20 200.0 5.0 28.284271
spng 28 20 18 200.0 5.0 28.284271
spng 29 18 17 200.0 5.0 28.284271
spng 32 18 21 200.0 5.0 40.0
spng 34 22 23 200.0 5.0 40.0
spng 35 19 20 200.0 5.0 40.0
spng 36 15 17 200.0 5.0 40.0
spng 40 29 31 200.0 5.0 28.284271
spng 41 31 32 200.0 5.0 28.284271
spng 44 33 31 200.0 5.0 28.284271
spng 45 31 30 200.0 5.0 28.284271
spng 52 32 33 200.0 5.0 40.0
spng 53 29 30 200.0 5.0 40.0
spng 55 36 35 200.0 5.0 28.284271
spng 56 35 38 200.0 5.0 28.284271
spng 57 38 39 200.0 5.0 28.284271
spng 58 39 41 200.0 5.0 28.284271
spng 59 41 42 200.0 5.0 28.284271
spng 62 43 41 200.0 5.0 28.284271
spng 63 41 40 200.0 5.0 28.284271
spng 64 40 38 200.0 5.0 28.284271
spng 65 38 37 200.0 5.0 28.284271
spng 66 37 36 200.0 5.0 28.284271
spng 67 36 38 200.0 5.0 40.0
spng 68 38 41 200.0 5.0 40.0
spng 70 42 43 200.0 5.0 40.0
spng 71 39 40 200.0 5.0 40.0
spng 72 35 37 200.0 5.0 40.0
spng 76 46 29 200.0 5.0 28.284271
spng 77 42 45 200.0 5.0 28.284271
spng 78 45 25 200.0 5.0 28.284271
spng 79 25 46 200.0 5.0 28.284271
spng 80 46 27 200.0 5.0 28.284271
spng 81 27 45 200.0 5.0 28.284271
spng 82 45 43 200.0 5.0 28.284271
spng 83 41 45 200.0 5.0 40.0
spng 84 25 27 200.0 5.0 40.0
spng 85 45 46 200.0 5.0 40.0
spng 86 46 30 200.0 5.0 28.284271
spng 87 46 31 200.0 5.0 40.0
spng 88 31 47 200.0 5.0 40.0
spng 89 47 18 200.0 5.0 40.0
spng 90 15 47 200.0 5.0 28.284271
spng 91 47 32 200.0 5.0 28.284271
spng 92 33 47 200.0 5.0 28.284271
spng 93 47 17 200.0 5.0 28.284271
spng 94 21 48 200.0 5.0 40.0
spng 96 48 5 200.0 5.0 40.0
spng 97 5 8 200.0 5.0 40.0
spng 98 22 48 200.0 5.0 28.284271
spng 99 48 1 200.0 5.0 28.284271
spng 100 48 3 200.0 5.0 28.284271
spng 101 48 23 200.0 5.0 28.284271
\BARFOO\
else
  echo "will not over write ./lib/diamond-chain.xsp"
fi
if `test ! -s ./lib/hammer.xsp`
then
echo "writting ./lib/hammer.xsp"
cat > ./lib/hammer.xsp << '\BARFOO\'
#1.0 *** XSpringies data file
cmas 0.400000
elas 0.0
kspr 40.0
kdmp 0.600000
fixm 0
shws 1
cent -1
frce 0 0 10.0 0.0
frce 1 0 5.0 2.0
frce 2 0 10.0 0.0
frce 3 0 10000.0 1.0
visc 0.0
stck 0.0
step 0.080000
prec 1.0
adpt 0
gsnp 20.0 0
wall 0 0 0 1
mass 1 -13133.725324 -6425.360271 0.0 -113.338189 0.400000 1.0
mass 2 898.303380 8.887617 0.024580 0.834509 10.506667 1.0
mass 3 937.239495 9.579231 -0.024580 -0.273367 10.506667 1.0
mass 4 202.0 359.0 0.0 0.0 -1.0 1.0
mass 5 188.889645 377.109743 -0.248638 -0.198289 0.400000 1.0
mass 6 217.251695 338.546673 0.304325 0.190412 0.400000 1.0
mass 7 151.313796 323.790273 0.573654 -0.818250 0.400000 1.0
mass 8 159.0 203.0 0.0 0.0 -1.0 1.0
mass 9 166.993820 177.858224 -4.943932 -1.430884 0.400000 1.0
mass 10 185.825862 182.896551 -3.916424 -5.171271 0.400000 1.0
mass 11 146.744029 171.118516 -6.430616 2.645500 0.400000 1.0
mass 12 196.483560 82.469817 -24.472050 -7.336580 14.326667 1.0
mass 13 267.360658 411.029890 -0.647243 0.807406 0.400000 1.0
mass 14 250.874745 76.931848 -1.189795 0.170683 0.400000 1.0
mass 15 269.225333 66.701476 -0.913683 0.572021 0.400000 1.0
mass 16 236.097511 51.837379 -0.581436 -0.111073 0.400000 1.0
mass 17 254.502804 41.647814 -0.241515 0.321008 0.400000 1.0
mass 18 220.720650 31.028126 0.122629 -0.626536 0.400000 1.0
mass 19 244.055053 17.515080 0.477097 0.098099 0.400000 1.0
mass 20 281.023010 86.683194 -1.368747 0.765935 0.400000 1.0
mass 21 273.435889 117.712881 -2.276592 0.438272 0.400000 1.0
mass 22 292.090841 108.403239 -1.849327 1.067535 0.400000 1.0
mass 23 259.661083 130.445713 -2.990458 -0.418003 0.400000 1.0
mass 24 279.226244 131.667417 -2.996147 0.583174 0.400000 1.0
mass 25 298.815275 121.804114 -2.597711 1.499455 0.400000 0.0
mass 26 308.041325 93.011219 -0.260432 2.310850 0.400000 0.0
mass 27 320.945854 117.962287 -2.433941 3.449323 0.400000 0.0
mass 28 236.0 35.0 0.0 0.0 -1.0 1.0
mass 29 301.062270 96.000816 -0.577220 1.750962 0.400000 0.0
mass 30 313.949805 120.888826 -2.672396 2.794398 0.400000 0.0
mass 31 262.002181 98.306588 -1.677305 0.313088 0.400000 1.0
spng 1 2 3 10.0 0.600000 39.0
spng 2 5 4 55.0 0.600000 22.0
spng 3 4 6 55.0 0.600000 26.0
spng 4 8 10 55.0 0.600000 32.802439
spng 5 10 9 55.0 0.600000 20.024984
spng 6 9 11 55.0 0.600000 22.0
spng 7 11 8 55.0 0.600000 33.301652
spng 8 8 9 55.0 0.600000 25.0
spng 9 11 12 55.0 0.600000 101.0
spng 10 10 12 55.0 0.600000 100.439036
spng 11 12 9 55.0 0.600000 99.020200
spng 12 7 9 55.0 0.600000 147.357330
spng 13 7 5 55.0 0.600000 65.912747
spng 14 4 7 55.0 0.600000 61.987230
spng 15 7 6 55.0 0.600000 66.880875
spng 16 6 13 55.0 0.600000 87.456419
spng 17 4 13 55.0 0.600000 83.294658
spng 18 5 13 55.0 0.600000 86.140773
spng 19 18 19 40.0 0.600000 27.081104
spng 20 19 28 40.0 0.600000 19.067646
spng 21 28 17 40.0 0.600000 19.945491
spng 22 17 16 40.0 0.600000 20.831837
spng 23 16 18 40.0 0.600000 25.955289
spng 24 18 28 40.0 0.600000 15.639902
spng 25 28 16 40.0 0.600000 17.106482
spng 26 19 17 40.0 0.600000 26.411806
spng 27 16 14 40.0 0.600000 29.330268
spng 28 14 15 40.0 0.600000 20.903498
spng 29 15 16 40.0 0.600000 36.424500
spng 30 15 17 40.0 0.600000 29.320212
spng 31 17 14 40.0 0.600000 35.554347
spng 32 15 31 40.0 0.600000 32.525061
spng 33 31 20 40.0 0.600000 22.081697
spng 34 20 14 40.0 0.600000 31.739891
spng 35 15 20 40.0 0.600000 23.476230
spng 36 14 31 40.0 0.600000 24.324260
spng 37 31 21 40.0 0.600000 22.709252
spng 38 21 22 40.0 0.600000 20.894498
spng 39 22 31 40.0 0.600000 31.878047
spng 40 20 22 40.0 0.600000 24.299726
spng 41 21 20 40.0 0.600000 31.783713
spng 42 23 21 40.0 0.600000 18.752413
spng 43 21 24 40.0 0.600000 15.137808
spng 44 24 23 40.0 0.600000 19.578870
spng 45 24 25 40.0 0.600000 21.898158
spng 46 25 21 40.0 0.600000 25.757027
spng 47 22 24 40.0 0.600000 26.565778
spng 48 22 29 40.0 0.600000 15.382186
spng 49 29 30 40.0 0.600000 28.0
spng 50 30 25 40.0 0.600000 15.160493
spng 51 22 30 40.0 0.600000 25.238475
spng 52 25 29 40.0 0.600000 25.871057
spng 53 22 25 40.0 0.600000 14.997376
spng 54 29 26 40.0 0.600000 7.618656
spng 55 26 27 40.0 0.600000 28.094790
spng 56 30 26 40.0 0.600000 28.480958
spng 57 30 27 40.0 0.600000 7.601085
spng 58 27 29 40.0 0.600000 29.630441
spng 59 13 20 40.0 0.600000 325.227859
\BARFOO\
else
  echo "will not over write ./lib/hammer.xsp"
fi
if `test ! -s ./lib/hexball1.xsp`
then
echo "writting ./lib/hexball1.xsp"
cat > ./lib/hexball1.xsp << '\BARFOO\'
#1.0 *** XSpringies data file
cmas 1
elas 1
kspr 10
kdmp 1
fixm 0
shws 1
cent -1
frce 0 0 10 0
frce 1 0 5 2
frce 2 0 10 0
frce 3 0 10000 1
visc 0
stck 0
step 0.025
prec 1
adpt 0
gsnp 20 0
wall 1 1 1 1
mass 1 296.090922348 237.275844277 0.000885326083942 -0.000454002806975 1 1
mass 2 296.092517501 262.275844226 0.000990587953803 -0.000454007559934 1 1
mass 3 321.090156623 225.274249145 0.000834795169429 -0.00055927935356 1 1
mass 4 321.091751777 250.274249095 0.000940054573336 -0.000559283559342 1 1
mass 5 321.09334693 275.274249043 0.00104531936481 -0.000559292485359 1 1
mass 6 346.090922245 237.27265397 0.000885312551559 -0.000664525922171 1 1
mass 7 346.0925174 262.272653919 0.000990575093515 -0.00066453474819 1 1
spng 1 1 2 200 1 25
spng 2 3 4 200 1 25
spng 3 4 5 200 1 25
spng 4 6 7 200 1 25
spng 5 1 4 200 1 28.1780056072
spng 6 2 5 200 1 28.1780056072
spng 7 3 6 200 1 27.7308492477
spng 8 4 7 200 1 27.7308492477
spng 9 1 3 200 1 27.7308492477
spng 10 2 4 200 1 27.7308492477
spng 11 4 6 200 1 28.1780056072
spng 12 5 7 200 1 28.1780056072
spng 13 5 3 200 1 50
spng 14 1 7 200 1 55.9016994375
spng 15 2 6 200 1 55.9016994375
\BARFOO\
else
  echo "will not over write ./lib/hexball1.xsp"
fi
if `test ! -s ./lib/hexball2.xsp`
then
echo "writting ./lib/hexball2.xsp"
cat > ./lib/hexball2.xsp << '\BARFOO\'
#1.0 *** XSpringies data file
cmas 1
elas 1
kspr 20
kdmp 1
fixm 0
shws 1
cent -1
frce 0 0 10 0
frce 1 0 5 2
frce 2 0 10 0
frce 3 0 10000 1
visc 0
stck 0
step 0.025
prec 1
adpt 0
gsnp 20 0
wall 1 1 1 1
mass 1 271.096136358 225.274444424 0.000884103150068 -0.000393757459995 1 1
mass 2 271.097905829 250.274444362 0.000967204296225 -0.000393775515472 1 1
mass 3 271.099675315 275.274444299 0.00105033979206 -0.000393776618778 1 1
mass 4 296.095216177 212.272674997 0.000840842524337 -0.00047691391271 1 1
mass 5 296.096985646 237.272674926 0.000923969644027 -0.000476898890954 1 1
mass 6 296.098755117 262.272674859 0.00100713134336 -0.000476929028527 1 1
mass 7 296.100524595 287.272674802 0.00109028207975 -0.000476990178115 1 1
mass 8 321.094366754 200.270905522 0.000800975462541 -0.00055992862051 1 1
mass 9 321.096136245 225.27090546 0.000884034058626 -0.000559909774491 1 1
mass 10 321.097905712 250.270905394 0.000967216889185 -0.000559937710633 1 1
mass 11 321.099675179 275.270905327 0.00105040386178 -0.000559947104339 1 1
mass 12 321.101444672 300.270905269 0.00113343553189 -0.000559960773464 1 1
mass 13 346.095216053 212.26913599 0.000840785840468 -0.000642889141133 1 1
mass 14 346.096985528 237.269135932 0.000923978451653 -0.000642939010341 1 1
mass 15 346.098754998 262.269135863 0.00100714511261 -0.000642956710939 1 1
mass 16 346.100524464 287.269135789 0.00109029792081 -0.000642910518283 1 1
mass 17 371.096136111 225.267366497 0.000884072310267 -0.000726173863486 1 1
mass 18 371.097905595 250.267366434 0.000967237912538 -0.000726174349931 1 1
mass 19 371.099675065 275.267366371 0.00105033474591 -0.000726180128748 1 1
spng 1 1 2 200 1 25
spng 2 2 3 200 1 25
spng 3 4 5 200 1 25
spng 4 5 6 200 1 25
spng 5 6 7 200 1 25
spng 6 8 9 200 1 25
spng 7 9 10 200 1 25
spng 8 10 11 200 1 25
spng 9 11 12 200 1 25
spng 10 13 14 200 1 25
spng 11 14 15 200 1 25
spng 12 15 16 200 1 25
spng 13 17 18 200 1 25
spng 14 18 19 200 1 25
spng 15 1 5 200 1 27.7308492477
spng 16 2 6 200 1 27.7308492477
spng 17 3 7 200 1 27.7308492477
spng 18 4 9 200 1 28.1780056072
spng 19 5 10 200 1 28.1780056072
spng 20 6 11 200 1 28.1780056072
spng 21 7 12 200 1 28.1780056072
spng 22 8 13 200 1 27.7308492477
spng 23 9 14 200 1 27.7308492477
spng 24 10 15 200 1 27.7308492477
spng 25 11 16 200 1 27.7308492477
spng 26 13 17 200 1 28.1780056072
spng 27 14 18 200 1 28.1780056072
spng 28 15 19 200 1 28.1780056072
spng 29 1 4 200 1 28.1780056072
spng 30 2 5 200 1 28.1780056072
spng 31 3 6 200 1 28.1780056072
spng 32 4 8 200 1 27.7308492477
spng 33 5 9 200 1 27.7308492477
spng 34 6 10 200 1 27.7308492477
spng 35 7 11 200 1 27.7308492477
spng 36 9 13 200 1 28.1780056072
spng 37 10 14 200 1 28.1780056072
spng 38 11 15 200 1 28.1780056072
spng 39 12 16 200 1 28.1780056072
spng 40 14 17 200 1 27.7308492477
spng 41 15 18 200 1 27.7308492477
spng 42 16 19 200 1 27.7308492477
spng 43 3 1 200 1 50
spng 44 1 8 200 1 55.9016994375
spng 45 8 17 200 1 55.9016994375
spng 46 17 19 200 1 50
spng 47 19 12 200 1 55.9016994375
spng 48 12 3 200 1 55.9016994375
spng 49 12 10 200 1 50
spng 50 10 8 200 1 50
spng 51 8 12 200 1 100
spng 52 3 10 200 1 55.9016994375
spng 53 10 17 200 1 55.9016994375
spng 54 17 3 200 1 111.803398875
spng 55 1 10 200 1 55.9016994375
spng 56 10 19 200 1 55.9016994375
spng 57 19 1 200 1 111.803398875
\BARFOO\
else
  echo "will not over write ./lib/hexball2.xsp"
fi
if `test ! -s ./lib/hexball3.xsp`
then
echo "writting ./lib/hexball3.xsp"
cat > ./lib/hexball3.xsp << '\BARFOO\'
#1.0 *** XSpringies data file
cmas 1
elas 1
kspr 40
kdmp 1
fixm 0
shws 1
cent -1
frce 0 0 30 0
frce 1 0 5 2
frce 2 0 10 0
frce 3 0 10000 1
visc 0
stck 0
step 0.025
prec 1
adpt 0
gsnp 20 0
wall 1 1 1 1
mass 1 246.077075968 212.2828505 -0.00066529432273 -0.000658983744618 1 1
mass 2 246.077066922 237.282848726 -0.000934723914273 -0.000578963161377 1 1
mass 3 246.077051018 262.282844169 -0.000894767225808 -0.000530371740994 1 1
mass 4 246.076986551 287.28284558 -0.000353901542639 -0.000633610548518 1 1
mass 5 271.077127357 200.282952843 -0.000796016090477 -0.000977273778106 1 1
mass 6 271.077089529 225.28293338 -0.000802012222542 -0.000706932391745 1 1
mass 7 271.077076922 250.282930024 -0.000915876295537 -0.000498840362675 1 1
mass 8 271.077035145 275.282922448 -0.00061239408137 -0.000564769709793 1 1
mass 9 271.076958355 300.282901747 -0.000427089918996 -0.000219432261252 1 1
mass 10 296.077149002 187.283008779 -0.000722900064447 -0.000740624593695 1 1
mass 11 296.077134273 212.283010082 -0.000861948951141 -0.000472284823752 1 1
mass 12 296.077104667 237.282999787 -0.000902111687776 -0.000291163465193 1 1
mass 13 296.077078287 262.282997965 -0.000669634856414 -0.000269499761738 1 1
mass 14 296.077023914 287.282997022 -0.000736368511639 -0.000299183510673 1 1
mass 15 296.076927512 312.282972831 -0.000342267550048 -0.000299044339689 1 1
mass 16 321.077136849 175.282996943 -0.00045627200264 -0.000176768780155 1 1
mass 17 321.07714109 200.2830239 -0.00089100047359 -0.000203898883033 1 1
mass 18 321.077129748 225.28304064 -0.000905748830553 -0.000110951954316 1 1
mass 19 321.077099112 250.283049129 -0.000933414833431 7.57270612168e-06 1 1
mass 20 321.077060169 275.283048109 -0.000756175238316 3.89656846898e-05 1 1
mass 21 321.076998679 300.283034225 -0.000727212881573 -0.000102132372927 1 1
mass 22 321.07691947 325.282996778 -0.000595052541736 4.17252568464e-05 1 1
mass 23 346.077118909 187.28303502 -0.000477745134789 0.00018435263416 1 1
mass 24 346.077128531 212.283060607 -0.000915974015022 7.97452749678e-05 1 1
mass 25 346.07710721 237.283075937 -0.00110718867804 6.83985343752e-05 1 1
mass 26 346.077074545 262.2830791 -0.00109333596853 -1.70166511212e-05 1 1
mass 27 346.077027039 287.2830962 -0.000970670963514 7.16216196268e-06 1 1
mass 28 346.076976452 312.283100286 -0.000757417881913 -0.000121485925665 1 1
mass 29 371.077102856 200.283069312 -0.000573761298201 0.000389626159643 1 1
mass 30 371.077099986 225.283087735 -0.000958828688734 0.000113385982894 1 1
mass 31 371.077084791 250.283095056 -0.00136554113072 9.8889228733e-05 1 1
mass 32 371.07702395 275.283096067 -0.00126921205884 0.000105083536158 1 1
mass 33 371.076989914 300.283108465 -0.000874840272116 -0.000281992099315 1 1
mass 34 396.077094926 212.283075395 -0.00060848057276 3.65639654625e-05 1 1
mass 35 396.077074647 237.283072396 -0.00124193877353 0.000119213869906 1 1
mass 36 396.077044847 262.283080178 -0.00149570361565 2.58964699682e-05 1 1
mass 37 396.076979276 287.283080639 -0.000962320853541 -7.17195540211e-06 1 1
spng 1 1 2 200 1 25
spng 2 2 3 200 1 25
spng 3 3 4 200 1 25
spng 4 5 6 200 1 25
spng 5 6 7 200 1 25
spng 6 7 8 200 1 25
spng 7 8 9 200 1 25
spng 8 10 11 200 1 25
spng 9 11 12 200 1 25
spng 10 12 13 200 1 25
spng 11 13 14 200 1 25
spng 12 14 15 200 1 25
spng 13 16 17 200 1 25
spng 14 17 18 200 1 25
spng 15 18 19 200 1 25
spng 16 19 20 200 1 25
spng 17 20 21 200 1 25
spng 18 21 22 200 1 25
spng 19 23 24 200 1 25
spng 20 24 25 200 1 25
spng 21 25 26 200 1 25
spng 22 26 27 200 1 25
spng 23 27 28 200 1 25
spng 24 29 30 200 1 25
spng 25 30 31 200 1 25
spng 26 31 32 200 1 25
spng 27 32 33 200 1 25
spng 28 34 35 200 1 25
spng 29 35 36 200 1 25
spng 30 36 37 200 1 25
spng 31 1 6 200 1 28.1780056072
spng 32 2 7 200 1 28.1780056072
spng 33 3 8 200 1 28.1780056072
spng 34 4 9 200 1 28.1780056072
spng 35 5 11 200 1 27.7308492477
spng 36 6 12 200 1 27.7308492477
spng 37 7 13 200 1 27.7308492477
spng 38 8 14 200 1 27.7308492477
spng 39 9 15 200 1 27.7308492477
spng 40 10 17 200 1 28.1780056072
spng 41 11 18 200 1 28.1780056072
spng 42 12 19 200 1 28.1780056072
spng 43 13 20 200 1 28.1780056072
spng 44 14 21 200 1 28.1780056072
spng 45 15 22 200 1 28.1780056072
spng 46 16 23 200 1 27.7308492477
spng 47 17 24 200 1 27.7308492477
spng 48 18 25 200 1 27.7308492477
spng 49 19 26 200 1 27.7308492477
spng 50 20 27 200 1 27.7308492477
spng 51 21 28 200 1 27.7308492477
spng 52 23 29 200 1 28.1780056072
spng 53 24 30 200 1 28.1780056072
spng 54 25 31 200 1 28.1780056072
spng 55 26 32 200 1 28.1780056072
spng 56 27 33 200 1 28.1780056072
spng 57 29 34 200 1 27.7308492477
spng 58 30 35 200 1 27.7308492477
spng 59 31 36 200 1 27.7308492477
spng 60 32 37 200 1 27.7308492477
spng 61 1 5 200 1 27.7308492477
spng 62 2 6 200 1 27.7308492477
spng 63 3 7 200 1 27.7308492477
spng 64 4 8 200 1 27.7308492477
spng 65 5 10 200 1 28.1780056072
spng 66 6 11 200 1 28.1780056072
spng 67 7 12 200 1 28.1780056072
spng 68 8 13 200 1 28.1780056072
spng 69 9 14 200 1 28.1780056072
spng 70 10 16 200 1 27.7308492477
spng 71 11 17 200 1 27.7308492477
spng 72 12 18 200 1 27.7308492477
spng 73 13 19 200 1 27.7308492477
spng 74 14 20 200 1 27.7308492477
spng 75 15 21 200 1 27.7308492477
spng 76 17 23 200 1 28.1780056072
spng 77 18 24 200 1 28.1780056072
spng 78 19 25 200 1 28.1780056072
spng 79 20 26 200 1 28.1780056072
spng 80 21 27 200 1 28.1780056072
spng 81 22 28 200 1 28.1780056072
spng 82 24 29 200 1 27.7308492477
spng 83 25 30 200 1 27.7308492477
spng 84 26 31 200 1 27.7308492477
spng 85 27 32 200 1 27.7308492477
spng 86 28 33 200 1 27.7308492477
spng 87 30 34 200 1 28.1780056072
spng 88 31 35 200 1 28.1780056072
spng 89 32 36 200 1 28.1780056072
spng 90 33 37 200 1 28.1780056072
spng 91 1 10 200 1 55.9016994375
spng 92 5 16 200 1 55.9016994375
spng 93 1 16 200 1 83.6301381082
spng 94 16 29 200 1 55.9016994375
spng 95 23 34 200 1 55.9016994375
spng 96 16 34 200 1 83.6301381082
spng 97 34 36 200 1 50
spng 98 35 37 200 1 50
spng 99 37 34 200 1 75
spng 100 37 28 200 1 55.9016994375
spng 101 22 33 200 1 55.9016994375
spng 102 22 37 200 1 84.0773453434
spng 103 22 9 200 1 55.9016994375
spng 104 4 15 200 1 55.9016994375
spng 105 4 22 200 1 84.0773453434
spng 106 4 2 200 1 50
spng 107 1 3 200 1 50
spng 108 4 1 200 1 75
spng 109 22 16 200 1 150
spng 110 1 37 200 1 167.705098312
spng 111 4 34 200 1 167.705098312
spng 112 22 19 200 1 75
spng 113 19 16 200 1 75
spng 114 1 19 200 1 84.0773453434
spng 115 19 37 200 1 83.6301381082
spng 116 4 19 200 1 83.6301381082
spng 117 19 34 200 1 84.0773453434
\BARFOO\
else
  echo "will not over write ./lib/hexball3.xsp"
fi
echo "Finished archive 12 of 16"
exit

exit 0 # Just in case...
-- 
  // chris@IMD.Sterling.COM            | Send comp.sources.x submissions to:
\X/  Amiga - The only way to fly!      |
 "It's intuitively obvious to the most |    sources-x@imd.sterling.com
  casual observer..."                  |
