Newsgroups: comp.sources.x
From: dmd@gradient.cis.upenn.edu (Douglas DeCarlo)
Subject: v19i063:  xspringies - it's a spring simulator...no, it's a game, Part11/16
Message-ID: <1993Mar26.161339.10223@sparky.imd.sterling.com>
X-Md4-Signature: 0ab472b9f5b8b10419de8dc207dfc824
Date: Fri, 26 Mar 1993 16:13:39 GMT
Approved: chris@sparky.imd.sterling.com

Submitted-by: dmd@gradient.cis.upenn.edu (Douglas DeCarlo)
Posting-number: Volume 19, Issue 63
Archive-name: xspringies/part11
Environment: X11
Supersedes: xspringies: Volume 14, Issue 25-30

#!/bin/sh
# to extract, remove the header and type "sh filename"
if `test ! -d ./lib`
then
  mkdir ./lib
  echo "mkdir ./lib"
fi
if `test ! -s ./lib/hexhexmesh.xsp`
then
echo "writting ./lib/hexhexmesh.xsp"
cat > ./lib/hexhexmesh.xsp << '\BARFOO\'
#1.0 *** XSpringies data file
cmas 1
elas 1
kspr 200
kdmp 3
fixm 0
shws 1
cent -1
frce 0 0 10 0
frce 1 0 5 2
frce 2 0 10 0
frce 3 0 10000 1
visc 0
stck 0
step 0.025
prec 1
adpt 0
gsnp 20 0
wall 1 1 1 1
mass 1 121.077395771 175.282965835 -0.00110577190056 -0.000619130349398 -1 1
mass 2 121.077395771 200.282965835 -0.00110577190215 -0.000619130349166 -1 1
mass 3 121.077395771 225.282965835 -0.00110577190372 -0.000619130348747 -1 1
mass 4 121.077395771 250.282965835 -0.00110577190434 -0.000619130349385 -1 1
mass 5 121.077395771 275.282965835 -0.00110577190516 -0.000619130350245 -1 1
mass 6 121.077395771 300.282965835 -0.00110577190427 -0.000619130349731 -1 1
mass 7 121.077395771 325.282965835 -0.00110577190356 -0.000619130349946 -1 1
mass 8 121.077395771 350.282965835 -0.00110577190315 -0.000619130348893 -1 1
mass 9 121.077395771 375.282965835 -0.00110577190094 -0.000619130348558 -1 1
mass 10 146.077395771 162.282965835 -0.00110577189924 -0.000619130346833 -1 1
mass 11 146.077406751 187.282971102 -0.000101460026936 -9.35114515078e-05 1 1
mass 13 146.077424728 237.282972476 -0.000152841204147 -8.77765279825e-05 1 1
mass 14 146.077426685 262.282964666 -0.000130277754439 -4.13802003379e-05 1 1
mass 16 146.077414008 312.282947049 -9.35547042318e-05 2.79579308948e-05 1 1
mass 17 146.077403065 337.282943792 -7.73119193585e-05 4.54866879687e-05 1 1
mass 19 146.077395771 387.282965835 -0.00110577189972 -0.000619130352893 -1 1
mass 20 171.077395771 150.282965835 -0.00110577189923 -0.00061913034483 -1 1
mass 22 171.07744615 200.28299365 -0.000245050903141 -0.000226569287175 1 1
mass 23 171.077466269 225.282995521 -0.000324823927537 -0.000225830968671 1 1
mass 25 171.077476669 275.28297216 -0.000277696138023 -5.5391910787e-05 1 1
mass 26 171.077463512 300.282955347 -0.000233323117013 3.08302410526e-05 1 1
mass 28 171.077416987 350.282938091 -0.000136336876903 9.4327847535e-05 1 1
mass 29 171.077395205 375.282944111 -6.51573842497e-05 6.04102587505e-05 1 1
mass 30 171.077395771 400.282965835 -0.00110577189883 -0.00061913035375 -1 1
mass 31 196.07739577 137.282965835 -0.00110577189871 -0.000619130341835 -1 1
mass 32 196.077420435 162.282993064 -7.75886917809e-05 -0.000140654252085 1 1
mass 33 196.077461969 187.283020305 -0.000251538205111 -0.000265767047486 1 1
mass 35 196.07752514 237.283029962 -0.0005330026704 -0.000295484856865 1 1
mass 36 196.07753548 262.28301547 -0.000521591910248 -0.000182732389471 1 1
mass 38 196.077498985 312.282968498 -0.000364791687994 6.51691363263e-05 1 1
mass 39 196.077460474 337.282949491 -0.000269294432848 0.000109495961062 1 1
mass 41 196.077392666 387.282945842 -5.85568029484e-05 5.34544437204e-05 1 1
mass 42 196.07739577 412.282965835 -0.0011057718984 -0.000619130357417 -1 1
mass 43 221.07739577 125.282965835 -0.001105771898 -0.000619130338796 -1 1
mass 44 221.077414608 150.283001322 -3.67470226854e-05 -9.97465547565e-05 1 1
mass 46 221.077515949 200.283065509 -0.000433531671287 -0.000312931337093 1 1
mass 47 221.077560182 225.283073676 -0.000649753259135 -0.000342476110972 1 1
mass 49 221.077590559 275.283048703 -0.00071524030101 -0.000137981817592 1 1
mass 50 221.07756839 300.283020861 -0.000599390925363 8.87734217801e-06 1 1
mass 52 221.077468914 350.282964725 -0.000284714420753 0.000116949565037 1 1
mass 53 221.07741863 375.282951772 -0.000136813270738 8.41228552684e-05 1 1
mass 55 221.07739577 425.282965835 -0.00110577189816 -0.000619130359367 -1 1
mass 56 246.07739577 112.282965835 -0.00110577189802 -0.000619130336164 -1 1
mass 58 246.077451426 162.283056348 -0.00010587989764 -0.000158344134752 1 1
mass 59 246.077514981 187.283094681 -0.000333650060592 -0.000259952030266 1 1
mass 61 246.077623222 237.283122857 -0.000857660291447 -0.000308089752003 1 1
mass 62 246.077644159 262.28311583 -0.000935091864684 -0.000212196932045 1 1
mass 64 246.077600775 312.283063966 -0.000686920850523 5.05112550347e-05 1 1
mass 65 246.077539477 337.283026024 -0.000455102143931 0.000110747433363 1 1
mass 67 246.077410206 387.282972089 -9.31491109083e-05 4.66754303321e-05 1 1
mass 68 246.07737968 412.282962012 -1.91320354775e-05 1.42121388363e-05 1 1
mass 69 246.07739577 437.282965835 -0.00110577189783 -0.00061913036306 -1 1
mass 70 271.07739577 100.282965835 -0.00110577189861 -0.000619130333936 -1 1
mass 71 271.07738986 125.283006058 -4.35870332143e-06 -6.25380699745e-05 1 1
mass 72 271.077429151 150.283057713 -4.55284363705e-05 -0.000130193715054 1 1
mass 74 271.077572184 200.283141049 -0.000501615833707 -0.000291669388087 1 1
mass 75 271.077637438 225.283160928 -0.000833375210378 -0.000312537573157 1 1
mass 77 271.077685036 275.283162157 -0.00106080673525 -0.00017746966806 1 1
mass 78 271.077666367 300.283142992 -0.000939196961855 -7.32361711818e-05 1 1
mass 80 271.077537454 350.283065859 -0.000376005115754 4.45379510873e-05 1 1
mass 81 271.077455927 375.283026855 -0.00015669982271 1.2323674449e-05 1 1
mass 83 271.077374589 425.282974949 -8.81090438959e-07 -1.60252634926e-05 1 1
mass 84 271.07739577 450.282965835 -0.00110577189999 -0.00061913036584 -1 1
mass 85 296.07739577 87.2829658346 -0.00110577189933 -0.000619130332441 -1 1
mass 86 296.077378864 112.282999475 9.7049661048e-07 -6.77324427105e-05 1 1
mass 88 296.077458871 162.283099902 -9.58345100168e-05 -0.000195268062531 1 1
mass 89 296.077541128 187.283146215 -0.000314816702959 -0.000263866648754 1 1
mass 91 296.077683389 237.283199469 -0.00100361691683 -0.000322628751073 1 1
mass 92 296.077708191 262.283206486 -0.00113969211156 -0.000292177245718 1 1
mass 94 296.077677524 312.2831818 -0.00093422605539 -0.000180534419819 1 1
mass 95 296.077611622 337.283145756 -0.000591970309408 -0.000119962401309 1 1
mass 97 296.077438852 387.28305637 -8.76703510973e-05 -0.000100237704812 1 1
mass 98 296.077388124 412.283016642 -1.65425513042e-05 -8.2459019848e-05 1 1
mass 100 296.07739577 462.282965835 -0.00110577189857 -0.000619130366254 -1 1
mass 101 321.07739577 75.2829658346 -0.00110577189964 -0.000619130331766 -1 1
mass 103 321.077381596 125.283019916 -2.03496532161e-06 -0.000106639989329 1 1
mass 104 321.077418946 150.283065683 -4.43971816278e-05 -0.000155041951166 1 1
mass 106 321.077583982 200.283160186 -0.000454085201567 -0.00023717409319 1 1
mass 107 321.077663195 225.283194978 -0.000840184715584 -0.00028466096073 1 1
mass 109 321.077718682 275.283221968 -0.0011682527065 -0.000323428565204 1 1
mass 110 321.077707085 300.28321583 -0.00109754085559 -0.000315288771044 1 1
mass 112 321.077583897 350.283161147 -0.000448097329923 -0.000240245496181 1 1
mass 113 321.077491979 375.283116046 -0.00016309391338 -0.000197819775203 1 1
mass 115 321.077381677 425.283021105 2.36454925667e-07 -0.000110824724322 1 1
mass 116 321.077375147 450.282984047 6.66300186366e-06 -5.20126577865e-05 1 1
mass 117 321.07739577 475.282965835 -0.00110577189931 -0.00061913036656 -1 1
mass 118 346.07739577 87.2829658346 -0.0011057718998 -0.000619130332396 -1 1
mass 119 346.077373355 112.282984191 6.89075243918e-06 -4.51427279612e-05 1 1
mass 121 346.077436978 162.283056422 -8.70490565019e-05 -9.61937297253e-05 1 1
mass 122 346.077519651 187.283101021 -0.000262418606603 -9.31660788444e-05 1 1
mass 124 346.077676145 237.283181019 -0.000929799277396 -0.000171599939876 1 1
mass 125 346.077706513 262.283200952 -0.00111242382971 -0.000238102585196 1 1
mass 127 346.077684023 312.283197857 -0.0010024999199 -0.000319628216964 1 1
mass 128 346.077626373 337.283178402 -0.000677471720382 -0.000316587134161 1 1
mass 130 346.077460063 387.283098031 -9.43430632274e-05 -0.000194767614972 1 1
mass 131 346.0774032 412.283046676 -1.48609334196e-05 -0.000132862946999 1 1
mass 133 346.07739577 462.282965835 -0.00110577189999 -0.000619130366537 -1 1
mass 134 371.07739577 100.282965835 -0.00110577190046 -0.000619130333933 -1 1
mass 135 371.077374573 125.282974306 -2.91902242015e-06 -1.69010924459e-05 1 1
mass 136 371.07739772 150.282996107 -4.85773739492e-05 -1.749723155e-05 1 1
mass 138 371.07753821 200.283065142 -0.000381584663639 4.11751107415e-05 1 1
mass 139 371.07761592 225.283107715 -0.000684599564555 1.77426641482e-05 1 1
mass 141 371.077685872 275.283162485 -0.00106042286841 -0.000179750093083 1 1
mass 142 371.077676065 300.283167782 -0.00103278681733 -0.000265804957488 1 1
mass 144 371.077572892 350.283142264 -0.000495133418687 -0.000298079497196 1 1
mass 145 371.07749523 375.283106626 -0.000197606356751 -0.000219705074226 1 1
mass 147 371.077390328 425.283007159 -3.10237958268e-06 -6.64600831924e-05 1 1
mass 148 371.07739577 450.282965835 -0.00110577190117 -0.000619130363795 -1 1
mass 149 396.07739577 112.282965835 -0.001105771902 -0.00061913033544 -1 1
mass 151 396.07740888 162.282971294 -9.36773490999e-05 4.56774537012e-05 1 1
mass 152 396.07746697 187.282991641 -0.00024131356266 9.08326872796e-05 1 1
mass 154 396.077599258 237.283061572 -0.000686057086595 4.71168120574e-05 1 1
mass 155 396.077636422 262.283093254 -0.000863572989644 -8.25456335241e-05 1 1
mass 157 396.077623537 312.283119792 -0.00085594121801 -0.000312873714784 1 1
mass 158 396.077578593 337.283113849 -0.000627984342929 -0.000328953137574 1 1
mass 160 396.077452164 387.28305389 -0.000105062008786 -0.000158906718146 1 1
mass 161 396.077403648 412.283006241 -1.09499054545e-05 -7.02963235098e-05 1 1
mass 162 396.07739577 437.282965835 -0.00110577190244 -0.000619130362096 -1 1
mass 163 421.07739577 125.282965835 -0.00110577190025 -0.000619130338567 -1 1
mass 164 421.077386285 150.282951152 -4.14715263601e-05 3.54604702177e-05 1 1
mass 166 421.077469213 200.282964712 -0.000287483202371 0.000109296566506 1 1
mass 167 421.077524676 225.282990209 -0.00045081265408 9.23516022431e-05 1 1
mass 169 421.077591395 275.283049263 -0.000714290792934 -0.000150086414342 1 1
mass 170 421.077587865 300.283068156 -0.000743006029392 -0.000288244666578 1 1
mass 172 421.077516886 350.283066831 -0.000430074396939 -0.000324089548406 1 1
mass 173 421.077464366 375.283041798 -0.000187929555192 -0.000222333861278 1 1
mass 175 421.07739577 425.282965835 -0.001105771901 -0.000619130359302 -1 1
mass 176 446.07739577 137.282965835 -0.00110577190068 -0.000619130341943 -1 1
mass 177 446.077392225 162.28294463 -5.8250194903e-05 5.46250222568e-05 1 1
mass 178 446.077421088 187.282939566 -0.000155547249982 9.94860469281e-05 1 1
mass 180 446.077498119 237.282964638 -0.000364578707205 6.86373399662e-05 1 1
mass 181 446.077525618 262.282988416 -0.000447070007521 -3.67617943597e-05 1 1
mass 183 446.07752521 312.28302536 -0.000530301987985 -0.000290343302736 1 1
mass 184 446.077498955 337.283028438 -0.000437091911696 -0.000323565533637 1 1
mass 186 446.077420822 387.282990827 -7.84638550903e-05 -0.000136592066205 1 1
mass 187 446.07739577 412.282965835 -0.00110577190034 -0.000619130355941 -1 1
mass 188 471.07739577 150.282965835 -0.00110577190067 -0.000619130344594 -1 1
mass 190 471.0774168 200.282938143 -0.000136529437013 9.1093552293e-05 1 1
mass 191 471.07744146 225.282942324 -0.000195768872409 7.98485150561e-05 1 1
mass 193 471.077477016 275.282972157 -0.000277438043374 -5.79646785132e-05 1 1
mass 194 471.077478136 300.282987356 -0.000324392239268 -0.0001576288289 1 1
mass 196 471.077446791 350.282994303 -0.000247350556966 -0.000231820566176 1 1
mass 197 471.077418377 375.282980059 -0.000114435642874 -0.000142613422018 1 1
mass 198 471.07739577 400.282965835 -0.00110577190041 -0.000619130354855 -1 1
mass 199 496.07739577 162.282965835 -0.00110577189935 -0.000619130346904 -1 1
mass 200 496.077392759 187.282945614 -5.17880148052e-05 4.66619419735e-05 1 1
mass 202 496.07741398 237.282943995 -9.46456921131e-05 4.5898050754e-05 1 1
mass 203 496.077422667 262.282951454 -0.000105998017875 1.87028077552e-05 1 1
mass 205 496.077424646 312.282968916 -0.000149877947012 -6.61125884701e-05 1 1
mass 206 496.07741756 337.282972476 -0.000143228297336 -9.75542201072e-05 1 1
mass 208 496.07739577 387.282965835 -0.00110577189834 -0.000619130352532 -1 1
mass 209 521.07739577 175.282965835 -0.00110577189983 -0.000619130348352 -1 1
mass 210 521.07739577 200.282965835 -0.00110577189633 -0.000619130348852 -1 1
mass 211 521.07739577 225.282965835 -0.00110577189715 -0.000619130349591 -1 1
mass 212 521.07739577 250.282965835 -0.00110577189324 -0.000619130349698 -1 1
mass 213 521.07739577 275.282965835 -0.00110577189376 -0.000619130350273 -1 1
mass 214 521.07739577 300.282965835 -0.00110577189544 -0.000619130349718 -1 1
mass 215 521.07739577 325.282965835 -0.00110577189534 -0.000619130349065 -1 1
mass 216 521.07739577 350.282965835 -0.00110577189707 -0.000619130349183 -1 1
mass 217 521.07739577 375.282965835 -0.00110577189896 -0.000619130349989 -1 1
spng 1 1 2 200 3 25
spng 2 2 3 200 3 25
spng 3 3 4 200 3 25
spng 4 4 5 200 3 25
spng 5 5 6 200 3 25
spng 6 6 7 200 3 25
spng 7 7 8 200 3 25
spng 8 8 9 200 3 25
spng 9 10 11 200 3 25
spng 12 13 14 200 3 25
spng 15 16 17 200 3 25
spng 20 22 23 200 3 25
spng 23 25 26 200 3 25
spng 26 28 29 200 3 25
spng 29 32 33 200 3 25
spng 32 35 36 200 3 25
spng 35 38 39 200 3 25
spng 38 41 42 200 3 25
spng 39 43 44 200 3 25
spng 42 46 47 200 3 25
spng 45 49 50 200 3 25
spng 48 52 53 200 3 25
spng 53 58 59 200 3 25
spng 56 61 62 200 3 25
spng 59 64 65 200 3 25
spng 62 67 68 200 3 25
spng 65 71 72 200 3 25
spng 68 74 75 200 3 25
spng 71 77 78 200 3 25
spng 74 80 81 200 3 25
spng 77 83 84 200 3 25
spng 78 85 86 200 3 25
spng 81 88 89 200 3 25
spng 84 91 92 200 3 25
spng 87 94 95 200 3 25
spng 90 97 98 200 3 25
spng 95 103 104 200 3 25
spng 98 106 107 200 3 25
spng 101 109 110 200 3 25
spng 104 112 113 200 3 25
spng 107 115 116 200 3 25
spng 109 118 119 200 3 25
spng 112 121 122 200 3 25
spng 115 124 125 200 3 25
spng 118 127 128 200 3 25
spng 121 130 131 200 3 25
spng 125 135 136 200 3 25
spng 128 138 139 200 3 25
spng 131 141 142 200 3 25
spng 134 144 145 200 3 25
spng 137 147 148 200 3 25
spng 140 151 152 200 3 25
spng 143 154 155 200 3 25
spng 146 157 158 200 3 25
spng 149 160 161 200 3 25
spng 151 163 164 200 3 25
spng 154 166 167 200 3 25
spng 157 169 170 200 3 25
spng 160 172 173 200 3 25
spng 164 177 178 200 3 25
spng 167 180 181 200 3 25
spng 170 183 184 200 3 25
spng 173 186 187 200 3 25
spng 176 190 191 200 3 25
spng 179 193 194 200 3 25
spng 182 196 197 200 3 25
spng 184 199 200 200 3 25
spng 187 202 203 200 3 25
spng 190 205 206 200 3 25
spng 193 209 210 200 3 25
spng 194 210 211 200 3 25
spng 195 211 212 200 3 25
spng 196 212 213 200 3 25
spng 197 213 214 200 3 25
spng 198 214 215 200 3 25
spng 199 215 216 200 3 25
spng 200 216 217 200 3 25
spng 203 3 13 200 3 27.7308492477
spng 206 6 16 200 3 27.7308492477
spng 209 9 19 200 3 27.7308492477
spng 211 11 22 200 3 28.1780056072
spng 214 14 25 200 3 28.1780056072
spng 217 17 28 200 3 28.1780056072
spng 219 19 30 200 3 28.1780056072
spng 220 20 32 200 3 27.7308492477
spng 223 23 35 200 3 27.7308492477
spng 226 26 38 200 3 27.7308492477
spng 229 29 41 200 3 27.7308492477
spng 230 30 42 200 3 27.7308492477
spng 233 33 46 200 3 28.1780056072
spng 236 36 49 200 3 28.1780056072
spng 239 39 52 200 3 28.1780056072
spng 242 42 55 200 3 28.1780056072
spng 244 44 58 200 3 27.7308492477
spng 247 47 61 200 3 27.7308492477
spng 250 50 64 200 3 27.7308492477
spng 253 53 67 200 3 27.7308492477
spng 255 55 69 200 3 27.7308492477
spng 256 56 71 200 3 28.1780056072
spng 259 59 74 200 3 28.1780056072
spng 262 62 77 200 3 28.1780056072
spng 265 65 80 200 3 28.1780056072
spng 268 68 83 200 3 28.1780056072
spng 269 69 84 200 3 28.1780056072
spng 272 72 88 200 3 27.7308492477
spng 275 75 91 200 3 27.7308492477
spng 278 78 94 200 3 27.7308492477
spng 281 81 97 200 3 27.7308492477
spng 284 84 100 200 3 27.7308492477
spng 286 86 103 200 3 28.1780056072
spng 289 89 106 200 3 28.1780056072
spng 292 92 109 200 3 28.1780056072
spng 295 95 112 200 3 28.1780056072
spng 298 98 115 200 3 28.1780056072
spng 300 100 117 200 3 28.1780056072
spng 301 101 118 200 3 27.7308492477
spng 304 104 121 200 3 27.7308492477
spng 307 107 124 200 3 27.7308492477
spng 310 110 127 200 3 27.7308492477
spng 313 113 130 200 3 27.7308492477
spng 316 116 133 200 3 27.7308492477
spng 317 118 134 200 3 28.1780056072
spng 318 119 135 200 3 28.1780056072
spng 321 122 138 200 3 28.1780056072
spng 324 125 141 200 3 28.1780056072
spng 327 128 144 200 3 28.1780056072
spng 330 131 147 200 3 28.1780056072
spng 332 134 149 200 3 27.7308492477
spng 334 136 151 200 3 27.7308492477
spng 337 139 154 200 3 27.7308492477
spng 340 142 157 200 3 27.7308492477
spng 343 145 160 200 3 27.7308492477
spng 346 149 163 200 3 28.1780056072
spng 349 152 166 200 3 28.1780056072
spng 352 155 169 200 3 28.1780056072
spng 355 158 172 200 3 28.1780056072
spng 358 161 175 200 3 28.1780056072
spng 359 163 176 200 3 27.7308492477
spng 360 164 177 200 3 27.7308492477
spng 363 167 180 200 3 27.7308492477
spng 366 170 183 200 3 27.7308492477
spng 369 173 186 200 3 27.7308492477
spng 371 176 188 200 3 28.1780056072
spng 373 178 190 200 3 28.1780056072
spng 376 181 193 200 3 28.1780056072
spng 379 184 196 200 3 28.1780056072
spng 382 188 199 200 3 27.7308492477
spng 385 191 202 200 3 27.7308492477
spng 388 194 205 200 3 27.7308492477
spng 391 197 208 200 3 27.7308492477
spng 392 199 209 200 3 28.1780056072
spng 393 200 210 200 3 28.1780056072
spng 396 203 213 200 3 28.1780056072
spng 399 206 216 200 3 28.1780056072
spng 401 1 10 200 3 28.1780056072
spng 402 2 11 200 3 28.1780056072
spng 405 5 14 200 3 28.1780056072
spng 408 8 17 200 3 28.1780056072
spng 410 10 20 200 3 27.7308492477
spng 413 13 23 200 3 27.7308492477
spng 416 16 26 200 3 27.7308492477
spng 419 19 29 200 3 27.7308492477
spng 420 20 31 200 3 28.1780056072
spng 422 22 33 200 3 28.1780056072
spng 425 25 36 200 3 28.1780056072
spng 428 28 39 200 3 28.1780056072
spng 431 31 43 200 3 27.7308492477
spng 432 32 44 200 3 27.7308492477
spng 435 35 47 200 3 27.7308492477
spng 438 38 50 200 3 27.7308492477
spng 441 41 53 200 3 27.7308492477
spng 443 43 56 200 3 28.1780056072
spng 446 46 59 200 3 28.1780056072
spng 449 49 62 200 3 28.1780056072
spng 452 52 65 200 3 28.1780056072
spng 455 55 68 200 3 28.1780056072
spng 456 56 70 200 3 27.7308492477
spng 458 58 72 200 3 27.7308492477
spng 461 61 75 200 3 27.7308492477
spng 464 64 78 200 3 27.7308492477
spng 467 67 81 200 3 27.7308492477
spng 470 70 85 200 3 28.1780056072
spng 471 71 86 200 3 28.1780056072
spng 474 74 89 200 3 28.1780056072
spng 477 77 92 200 3 28.1780056072
spng 480 80 95 200 3 28.1780056072
spng 483 83 98 200 3 28.1780056072
spng 485 85 101 200 3 27.7308492477
spng 488 88 104 200 3 27.7308492477
spng 491 91 107 200 3 27.7308492477
spng 494 94 110 200 3 27.7308492477
spng 497 97 113 200 3 27.7308492477
spng 500 100 116 200 3 27.7308492477
spng 502 103 119 200 3 28.1780056072
spng 505 106 122 200 3 28.1780056072
spng 508 109 125 200 3 28.1780056072
spng 511 112 128 200 3 28.1780056072
spng 514 115 131 200 3 28.1780056072
spng 516 117 133 200 3 28.1780056072
spng 519 121 136 200 3 27.7308492477
spng 522 124 139 200 3 27.7308492477
spng 525 127 142 200 3 27.7308492477
spng 528 130 145 200 3 27.7308492477
spng 531 133 148 200 3 27.7308492477
spng 532 135 149 200 3 28.1780056072
spng 535 138 152 200 3 28.1780056072
spng 538 141 155 200 3 28.1780056072
spng 541 144 158 200 3 28.1780056072
spng 544 147 161 200 3 28.1780056072
spng 545 148 162 200 3 28.1780056072
spng 547 151 164 200 3 27.7308492477
spng 550 154 167 200 3 27.7308492477
spng 553 157 170 200 3 27.7308492477
spng 556 160 173 200 3 27.7308492477
spng 558 162 175 200 3 27.7308492477
spng 561 166 178 200 3 28.1780056072
spng 564 169 181 200 3 28.1780056072
spng 567 172 184 200 3 28.1780056072
spng 570 175 187 200 3 28.1780056072
spng 571 177 188 200 3 27.7308492477
spng 574 180 191 200 3 27.7308492477
spng 577 183 194 200 3 27.7308492477
spng 580 186 197 200 3 27.7308492477
spng 581 187 198 200 3 27.7308492477
spng 583 190 200 200 3 28.1780056072
spng 586 193 203 200 3 28.1780056072
spng 589 196 206 200 3 28.1780056072
spng 591 198 208 200 3 28.1780056072
spng 594 202 211 200 3 27.7308492477
spng 597 205 214 200 3 27.7308492477
spng 600 208 217 200 3 27.7308492477
\BARFOO\
else
  echo "will not over write ./lib/hexhexmesh.xsp"
fi
if `test ! -s ./lib/hexmesh.xsp`
then
echo "writting ./lib/hexmesh.xsp"
cat > ./lib/hexmesh.xsp << '\BARFOO\'
#1.0 *** XSpringies data file
cmas 0.400000
elas 1.0
kspr 40.0
kdmp 0.600000
fixm 0
shws 1
cent -1
frce 0 0 10.0 0.0
frce 1 0 5.0 2.0
frce 2 0 10.0 0.0
frce 3 0 10000.0 1.0
visc 0.010000
stck 0.0
step 0.100000
prec 1.0
adpt 0
gsnp 20.0 0
wall 0 0 0 1
mass 1 23.0 544.0 0.0 0.0 -1.0 1.0
mass 2 70.0 544.0 0.0 0.0 -1.0 1.0
mass 3 164.0 544.0 0.0 0.0 -1.0 1.0
mass 4 211.0 544.0 0.0 0.0 -1.0 1.0
mass 5 305.0 544.0 0.0 0.0 -1.0 1.0
mass 6 352.0 544.0 0.0 0.0 -1.0 1.0
mass 7 446.0 544.0 0.0 0.0 -1.0 1.0
mass 8 493.0 544.0 0.0 0.0 -1.0 1.0
mass 9 587.0 544.0 0.0 0.0 -1.0 1.0
mass 10 634.0 544.0 0.0 0.0 -1.0 1.0
mass 11 728.0 544.0 0.0 0.0 -1.0 1.0
mass 12 0.0 497.0 0.0 0.0 -1.0 1.0
mass 13 92.268039 497.799722 0.004311 0.001471 1.0 1.0
mass 14 142.673941 497.460916 0.004901 -0.002918 1.0 1.0
mass 15 232.969870 497.675424 0.004619 -0.000639 1.0 1.0
mass 16 283.405276 497.535684 0.006036 -0.005501 1.0 1.0
mass 17 373.769703 497.594813 -0.008143 -0.006025 1.0 1.0
mass 18 424.209735 497.603999 -0.007519 0.001629 1.0 1.0
mass 19 514.562408 497.528907 -0.008736 -0.001327 1.0 1.0
mass 20 564.990318 497.687358 -0.009954 0.007458 1.0 1.0
mass 21 654.710682 497.219337 0.001773 0.004261 1.0 1.0
mass 22 705.0 497.0 0.0 0.0 -1.0 1.0
mass 23 23.0 450.0 0.0 0.0 -1.0 1.0
mass 24 73.160942 450.364509 0.000031 0.002878 1.0 1.0
mass 25 163.004125 450.494211 0.004330 -0.004070 1.0 1.0
mass 26 213.259719 450.452749 0.005097 -0.002981 1.0 1.0
mass 27 303.550173 450.476444 -0.000392 -0.010756 1.0 1.0
mass 28 353.822777 450.455447 0.000624 -0.012047 1.0 1.0
mass 29 444.151376 450.464075 -0.012492 -0.001308 1.0 1.0
mass 30 494.419801 450.473812 -0.012654 0.001827 1.0 1.0
mass 31 584.548317 450.403884 -0.002509 0.013414 1.0 1.0
mass 32 634.769745 450.153535 -0.003770 0.009894 1.0 1.0
mass 33 728.0 450.0 0.0 0.0 -1.0 1.0
mass 34 0.0 403.0 0.0 0.0 -1.0 1.0
mass 35 93.098960 403.266106 -0.005656 0.000508 1.0 1.0
mass 36 143.324681 403.280362 -0.006115 -0.000815 1.0 1.0
mass 37 233.393453 403.388716 -0.008543 -0.010153 1.0 1.0
mass 38 283.656509 403.323103 -0.007278 -0.009953 1.0 1.0
mass 39 373.870589 403.354066 -0.000228 -0.013990 1.0 1.0
mass 40 424.139825 403.350576 0.000824 -0.007648 1.0 1.0
mass 41 514.310840 403.323038 0.002795 0.009411 1.0 1.0
mass 42 564.561300 403.301119 0.002030 0.014041 1.0 1.0
mass 43 654.763973 403.089182 0.001914 0.014543 1.0 1.0
mass 44 705.0 403.0 0.0 0.0 -1.0 1.0
mass 45 23.0 356.0 0.0 0.0 -1.0 1.0
mass 46 73.229106 356.139640 -0.001933 -0.001052 1.0 1.0
mass 47 163.341033 356.195468 -0.023343 -0.008274 1.0 1.0
mass 48 213.586079 356.204814 -0.023433 -0.005654 1.0 1.0
mass 49 303.693572 356.220596 -0.010300 -0.012240 1.0 1.0
mass 50 353.956077 356.202938 -0.007868 -0.011846 1.0 1.0
mass 51 444.104719 356.219762 0.016459 -0.001724 1.0 1.0
mass 52 494.361680 356.195999 0.017118 0.004486 1.0 1.0
mass 53 584.483101 356.171211 0.011497 0.019255 1.0 1.0
mass 54 634.724827 356.048149 0.009461 0.014070 1.0 1.0
mass 55 728.0 356.0 0.0 0.0 -1.0 1.0
mass 56 0.0 309.0 0.0 0.0 -1.0 1.0
mass 57 93.231413 309.073396 -0.018055 -0.007317 1.0 1.0
mass 58 143.470116 309.054196 -0.020206 -0.010018 1.0 1.0
mass 59 233.564481 309.086677 -0.030652 -0.009047 1.0 1.0
mass 60 283.818525 309.058422 -0.029182 -0.005314 1.0 1.0
mass 61 373.944672 309.079848 0.010852 -0.004372 1.0 1.0
mass 62 424.204221 309.066394 0.013675 -0.000873 1.0 1.0
mass 63 514.312273 309.068142 0.029423 0.009826 1.0 1.0
mass 64 564.559320 309.050361 0.028563 0.013309 1.0 1.0
mass 65 654.760097 308.996015 0.002825 0.012395 1.0 1.0
mass 66 705.0 309.0 0.0 0.0 -1.0 1.0
mass 67 23.0 262.0 0.0 0.0 -1.0 1.0
mass 68 73.239903 262.003985 -0.002825 -0.012395 1.0 1.0
mass 69 163.440680 261.949639 -0.028563 -0.013309 1.0 1.0
mass 70 213.687727 261.931858 -0.029423 -0.009826 1.0 1.0
mass 71 303.795779 261.933606 -0.013675 0.000873 1.0 1.0
mass 72 354.055328 261.920152 -0.010852 0.004372 1.0 1.0
mass 73 444.181475 261.941578 0.029182 0.005314 1.0 1.0
mass 74 494.435519 261.913323 0.030652 0.009047 1.0 1.0
mass 75 584.529884 261.945804 0.020206 0.010018 1.0 1.0
mass 76 634.768587 261.926604 0.018055 0.007317 1.0 1.0
mass 77 728.0 262.0 0.0 0.0 -1.0 1.0
mass 78 0.0 215.0 0.0 0.0 -1.0 1.0
mass 79 93.275173 214.951851 -0.009461 -0.014070 1.0 1.0
mass 80 143.516899 214.828789 -0.011497 -0.019255 1.0 1.0
mass 81 233.638320 214.804001 -0.017118 -0.004486 1.0 1.0
mass 82 283.895281 214.780238 -0.016459 0.001724 1.0 1.0
mass 83 374.043923 214.797062 0.007868 0.011846 1.0 1.0
mass 84 424.306428 214.779404 0.010300 0.012240 1.0 1.0
mass 85 514.413921 214.795186 0.023433 0.005654 1.0 1.0
mass 86 564.658967 214.804532 0.023343 0.008274 1.0 1.0
mass 87 654.770894 214.860360 0.001933 0.001052 1.0 1.0
mass 88 705.0 215.0 0.0 0.0 -1.0 1.0
mass 89 23.0 168.0 0.0 0.0 -1.0 1.0
mass 90 73.236027 167.910818 -0.001914 -0.014543 1.0 1.0
mass 91 163.438700 167.698881 -0.002030 -0.014041 1.0 1.0
mass 92 213.689160 167.676962 -0.002795 -0.009411 1.0 1.0
mass 93 303.860175 167.649424 -0.000824 0.007648 1.0 1.0
mass 94 354.129411 167.645934 0.000228 0.013990 1.0 1.0
mass 95 444.343491 167.676897 0.007278 0.009953 1.0 1.0
mass 96 494.606547 167.611284 0.008543 0.010153 1.0 1.0
mass 97 584.675319 167.719638 0.006115 0.000815 1.0 1.0
mass 98 634.901040 167.733894 0.005656 -0.000508 1.0 1.0
mass 99 728.0 168.0 0.0 0.0 -1.0 1.0
mass 100 0.0 121.0 0.0 0.0 -1.0 1.0
mass 101 93.230255 120.846465 0.003770 -0.009894 1.0 1.0
mass 102 143.451683 120.596116 0.002509 -0.013414 1.0 1.0
mass 103 233.580199 120.526188 0.012654 -0.001827 1.0 1.0
mass 104 283.848624 120.535925 0.012492 0.001308 1.0 1.0
mass 105 374.177223 120.544553 -0.000624 0.012047 1.0 1.0
mass 106 424.449827 120.523556 0.000392 0.010756 1.0 1.0
mass 107 514.740281 120.547251 -0.005097 0.002981 1.0 1.0
mass 108 564.995875 120.505789 -0.004330 0.004070 1.0 1.0
mass 109 654.839058 120.635491 -0.000031 -0.002878 1.0 1.0
mass 110 705.0 121.0 0.0 0.0 -1.0 1.0
mass 111 23.0 74.0 0.0 0.0 -1.0 1.0
mass 112 73.289318 73.780663 -0.001773 -0.004261 1.0 1.0
mass 113 163.009682 73.312642 0.009954 -0.007458 1.0 1.0
mass 114 213.437592 73.471093 0.008736 0.001327 1.0 1.0
mass 115 303.790265 73.396001 0.007519 -0.001629 1.0 1.0
mass 116 354.230297 73.405187 0.008143 0.006025 1.0 1.0
mass 117 444.594724 73.464316 -0.006036 0.005501 1.0 1.0
mass 118 495.030130 73.324576 -0.004619 0.000639 1.0 1.0
mass 119 585.326059 73.539084 -0.004901 0.002918 1.0 1.0
mass 120 635.731961 73.200278 -0.004311 -0.001471 1.0 1.0
mass 121 728.0 74.0 0.0 0.0 -1.0 1.0
mass 122 0.0 27.0 0.0 0.0 -1.0 1.0
mass 123 94.0 27.0 0.0 0.0 -1.0 1.0
mass 124 141.0 27.0 0.0 0.0 -1.0 1.0
mass 125 235.0 27.0 0.0 0.0 -1.0 1.0
mass 126 282.0 27.0 0.0 0.0 -1.0 1.0
mass 127 376.0 27.0 0.0 0.0 -1.0 1.0
mass 128 423.0 27.0 0.0 0.0 -1.0 1.0
mass 129 517.0 27.0 0.0 0.0 -1.0 1.0
mass 130 564.0 27.0 0.0 0.0 -1.0 1.0
mass 131 658.0 27.0 0.0 0.0 -1.0 1.0
mass 132 705.0 27.0 0.0 0.0 -1.0 1.0
spng 1 1 2 24.0 0.500000 47.0
spng 2 23 24 24.0 0.500000 47.0
spng 3 45 46 24.0 0.500000 47.0
spng 4 67 68 24.0 0.500000 47.0
spng 5 89 90 24.0 0.500000 47.0
spng 6 111 112 24.0 0.500000 47.0
spng 7 13 14 24.0 0.500000 47.0
spng 8 35 36 24.0 0.500000 47.0
spng 9 57 58 24.0 0.500000 47.0
spng 10 79 80 24.0 0.500000 47.0
spng 11 101 102 24.0 0.500000 47.0
spng 12 123 124 24.0 0.500000 47.0
spng 13 3 4 24.0 0.500000 47.0
spng 14 25 26 24.0 0.500000 47.0
spng 15 47 48 24.0 0.500000 47.0
spng 16 69 70 24.0 0.500000 47.0
spng 17 91 92 24.0 0.500000 47.0
spng 18 113 114 24.0 0.500000 47.0
spng 19 15 16 24.0 0.500000 47.0
spng 20 37 38 24.0 0.500000 47.0
spng 21 59 60 24.0 0.500000 47.0
spng 22 81 82 24.0 0.500000 47.0
spng 23 103 104 24.0 0.500000 47.0
spng 24 125 126 24.0 0.500000 47.0
spng 25 5 6 24.0 0.500000 47.0
spng 26 27 28 24.0 0.500000 47.0
spng 27 49 50 24.0 0.500000 47.0
spng 28 71 72 24.0 0.500000 47.0
spng 29 93 94 24.0 0.500000 47.0
spng 30 115 116 24.0 0.500000 47.0
spng 31 17 18 24.0 0.500000 47.0
spng 32 39 40 24.0 0.500000 47.0
spng 33 61 62 24.0 0.500000 47.0
spng 34 83 84 24.0 0.500000 47.0
spng 35 105 106 24.0 0.500000 47.0
spng 36 127 128 24.0 0.500000 47.0
spng 37 7 8 24.0 0.500000 47.0
spng 38 29 30 24.0 0.500000 47.0
spng 39 51 52 24.0 0.500000 47.0
spng 40 73 74 24.0 0.500000 47.0
spng 41 95 96 24.0 0.500000 47.0
spng 42 117 118 24.0 0.500000 47.0
spng 43 19 20 24.0 0.500000 47.0
spng 44 41 42 24.0 0.500000 47.0
spng 45 63 64 24.0 0.500000 47.0
spng 46 85 86 24.0 0.500000 47.0
spng 47 107 108 24.0 0.500000 47.0
spng 48 129 130 24.0 0.500000 47.0
spng 49 9 10 24.0 0.500000 47.0
spng 50 31 32 24.0 0.500000 47.0
spng 51 53 54 24.0 0.500000 47.0
spng 52 75 76 24.0 0.500000 47.0
spng 53 97 98 24.0 0.500000 47.0
spng 54 119 120 24.0 0.500000 47.0
spng 55 21 22 24.0 0.500000 47.0
spng 56 43 44 24.0 0.500000 47.0
spng 57 65 66 24.0 0.500000 47.0
spng 58 87 88 24.0 0.500000 47.0
spng 59 109 110 24.0 0.500000 47.0
spng 60 131 132 24.0 0.500000 47.0
spng 61 1 12 24.0 0.500000 47.0
spng 62 12 23 24.0 0.500000 47.0
spng 63 23 34 24.0 0.500000 47.0
spng 64 34 45 24.0 0.500000 47.0
spng 65 45 56 24.0 0.500000 47.0
spng 66 56 67 24.0 0.500000 47.0
spng 67 67 78 24.0 0.500000 47.0
spng 68 78 89 24.0 0.500000 47.0
spng 69 89 100 24.0 0.500000 47.0
spng 70 100 111 24.0 0.500000 47.0
spng 71 111 122 24.0 0.500000 47.0
spng 72 3 14 24.0 0.500000 47.0
spng 73 14 25 24.0 0.500000 47.0
spng 74 25 36 24.0 0.500000 47.0
spng 75 36 47 24.0 0.500000 47.0
spng 76 47 58 24.0 0.500000 47.0
spng 77 58 69 24.0 0.500000 47.0
spng 78 69 80 24.0 0.500000 47.0
spng 79 80 91 24.0 0.500000 47.0
spng 80 91 102 24.0 0.500000 47.0
spng 81 102 113 24.0 0.500000 47.0
spng 82 113 124 24.0 0.500000 47.0
spng 83 5 16 24.0 0.500000 47.0
spng 84 16 27 24.0 0.500000 47.0
spng 85 27 38 24.0 0.500000 47.0
spng 86 38 49 24.0 0.500000 47.0
spng 87 49 60 24.0 0.500000 47.0
spng 88 60 71 24.0 0.500000 47.0
spng 89 71 82 24.0 0.500000 47.0
spng 90 82 93 24.0 0.500000 47.0
spng 91 93 104 24.0 0.500000 47.0
spng 92 104 115 24.0 0.500000 47.0
spng 93 115 126 24.0 0.500000 47.0
spng 94 7 18 24.0 0.500000 47.0
spng 95 18 29 24.0 0.500000 47.0
spng 96 29 40 24.0 0.500000 47.0
spng 97 40 51 24.0 0.500000 47.0
spng 98 51 62 24.0 0.500000 47.0
spng 99 62 73 24.0 0.500000 47.0
spng 100 73 84 24.0 0.500000 47.0
spng 101 84 95 24.0 0.500000 47.0
spng 102 95 106 24.0 0.500000 47.0
spng 103 106 117 24.0 0.500000 47.0
spng 104 117 128 24.0 0.500000 47.0
spng 105 9 20 24.0 0.500000 47.0
spng 106 20 31 24.0 0.500000 47.0
spng 107 31 42 24.0 0.500000 47.0
spng 108 42 53 24.0 0.500000 47.0
spng 109 53 64 24.0 0.500000 47.0
spng 110 64 75 24.0 0.500000 47.0
spng 111 75 86 24.0 0.500000 47.0
spng 112 86 97 24.0 0.500000 47.0
spng 113 97 108 24.0 0.500000 47.0
spng 114 108 119 24.0 0.500000 47.0
spng 115 119 130 24.0 0.500000 47.0
spng 116 11 22 24.0 0.500000 47.0
spng 117 22 33 24.0 0.500000 47.0
spng 118 33 44 24.0 0.500000 47.0
spng 119 44 55 24.0 0.500000 47.0
spng 120 55 66 24.0 0.500000 47.0
spng 121 66 77 24.0 0.500000 47.0
spng 122 77 88 24.0 0.500000 47.0
spng 123 88 99 24.0 0.500000 47.0
spng 124 99 110 24.0 0.500000 47.0
spng 125 110 121 24.0 0.500000 47.0
spng 126 121 132 24.0 0.500000 47.0
spng 127 2 13 24.0 0.500000 47.0
spng 128 24 35 24.0 0.500000 47.0
spng 129 46 57 24.0 0.500000 47.0
spng 130 68 79 24.0 0.500000 47.0
spng 131 90 101 24.0 0.500000 47.0
spng 132 112 123 24.0 0.500000 47.0
spng 133 4 15 24.0 0.500000 47.0
spng 134 26 37 24.0 0.500000 47.0
spng 135 48 59 24.0 0.500000 47.0
spng 136 70 81 24.0 0.500000 47.0
spng 137 92 103 24.0 0.500000 47.0
spng 138 114 125 24.0 0.500000 47.0
spng 139 6 17 24.0 0.500000 47.0
spng 140 28 39 24.0 0.500000 47.0
spng 141 50 61 24.0 0.500000 47.0
spng 142 72 83 24.0 0.500000 47.0
spng 143 94 105 24.0 0.500000 47.0
spng 144 116 127 24.0 0.500000 47.0
spng 145 8 19 24.0 0.500000 47.0
spng 146 30 41 24.0 0.500000 47.0
spng 147 52 63 24.0 0.500000 47.0
spng 148 74 85 24.0 0.500000 47.0
spng 149 96 107 24.0 0.500000 47.0
spng 150 118 129 24.0 0.500000 47.0
spng 151 10 21 24.0 0.500000 47.0
spng 152 32 43 24.0 0.500000 47.0
spng 153 54 65 24.0 0.500000 47.0
spng 154 76 87 24.0 0.500000 47.0
spng 155 98 109 24.0 0.500000 47.0
spng 156 120 131 24.0 0.500000 47.0
spng 157 13 24 24.0 0.500000 47.0
spng 158 35 46 24.0 0.500000 47.0
spng 159 57 68 24.0 0.500000 47.0
spng 160 79 90 24.0 0.500000 47.0
spng 161 101 112 24.0 0.500000 47.0
spng 162 15 26 24.0 0.500000 47.0
spng 163 37 48 24.0 0.500000 47.0
spng 164 59 70 24.0 0.500000 47.0
spng 165 81 92 24.0 0.500000 47.0
spng 166 103 114 24.0 0.500000 47.0
spng 167 17 28 24.0 0.500000 47.0
spng 168 39 50 24.0 0.500000 47.0
spng 169 61 72 24.0 0.500000 47.0
spng 170 83 94 24.0 0.500000 47.0
spng 171 105 116 24.0 0.500000 47.0
spng 172 19 30 24.0 0.500000 47.0
spng 173 41 52 24.0 0.500000 47.0
spng 174 63 74 24.0 0.500000 47.0
spng 175 85 96 24.0 0.500000 47.0
spng 176 107 118 24.0 0.500000 47.0
spng 177 21 32 24.0 0.500000 47.0
spng 178 43 54 24.0 0.500000 47.0
spng 179 65 76 24.0 0.500000 47.0
spng 180 87 98 24.0 0.500000 47.0
spng 181 109 120 24.0 0.500000 47.0
\BARFOO\
else
  echo "will not over write ./lib/hexmesh.xsp"
fi
if `test ! -s ./lib/jello-buttress.xsp`
then
echo "writting ./lib/jello-buttress.xsp"
cat > ./lib/jello-buttress.xsp << '\BARFOO\'
#1.0 *** XSpringies data file
cmas 1.0
elas 0.800000
kspr 200.0
kdmp 3.0
fixm 0
shws 1
cent -1
frce 0 1 10.0 0.0
frce 1 0 5.0 2.0
frce 2 0 10.0 0.0
frce 3 0 10000.0 1.0
visc 0.0
stck 10000.0
step 0.025000
prec 1.0
adpt 0
gsnp 40.0 0
wall 1 1 1 1
mass 1 41.767055 307.848484 0.410808 0.768756 1.0 0.800000
mass 2 42.127019 348.429694 -0.171779 0.693754 1.0 0.800000
mass 3 3.0 306.469211 0.0 0.0 1.0 0.800000
mass 4 3.0 347.191664 0.0 0.0 1.0 0.800000
mass 5 42.585872 388.576799 -0.757224 0.816165 1.0 0.800000
mass 6 3.0 387.590354 0.0 0.0 1.0 0.800000
mass 7 115.704690 306.239920 0.574544 2.732245 1.0 0.800000
mass 8 120.656031 347.053053 -0.193842 2.890844 1.0 0.800000
mass 9 79.402922 308.000818 0.674938 1.687426 1.0 0.800000
mass 10 81.418723 348.829883 -0.177559 1.758612 1.0 0.800000
mass 11 125.461394 386.111752 -0.915358 2.948273 1.0 0.800000
mass 12 83.432707 388.521874 -0.993595 1.863920 1.0 0.800000
mass 13 183.064941 293.153708 -0.197342 3.951829 1.0 0.800000
mass 14 197.593431 331.971771 -0.111126 3.973805 1.0 0.800000
mass 15 150.413974 301.570267 0.269049 3.543446 1.0 0.800000
mass 16 159.582261 341.847470 -0.140722 3.712172 1.0 0.800000
mass 17 211.179172 367.965880 -0.091105 3.775509 1.0 0.800000
mass 18 168.309574 379.775042 -0.541036 3.679323 1.0 0.800000
mass 19 239.231953 262.853819 -1.561233 3.413559 1.0 0.800000
mass 20 266.216334 294.461344 -0.831573 2.768226 1.0 0.800000
mass 21 212.965543 280.358577 -0.810812 3.891516 1.0 0.800000
mass 22 233.637036 316.378153 -0.284615 3.604009 1.0 0.800000
mass 23 290.785204 323.146160 -0.248293 2.130041 1.0 0.800000
mass 24 252.670518 349.341253 0.102277 3.176047 1.0 0.800000
mass 25 277.191956 214.350380 -3.090435 1.897859 1.0 0.800000
mass 26 314.311761 233.084501 -2.745046 1.161243 1.0 0.800000
mass 27 260.906106 240.691110 -2.384188 2.679037 1.0 0.800000
mass 28 293.602603 266.355278 -1.747193 1.833291 1.0 0.800000
mass 29 348.061007 250.230268 -2.308676 0.575162 1.0 0.800000
mass 30 323.231817 289.630518 -1.166154 1.117955 1.0 0.800000
mass 31 292.986671 152.335883 -3.269399 0.562509 1.0 0.800000
mass 32 334.118479 157.858156 -3.395567 0.767555 1.0 0.800000
mass 33 287.776055 184.630614 -3.428399 1.189780 1.0 0.800000
mass 34 327.674146 196.332740 -3.390349 0.860203 1.0 0.800000
mass 35 372.644385 163.203463 -3.301983 0.955744 1.0 0.800000
mass 36 364.369176 207.261452 -3.145631 0.606031 1.0 0.800000
mass 37 291.268566 81.777898 -1.700601 -0.330503 1.0 0.800000
mass 38 332.229122 80.201980 -1.751965 0.458221 1.0 0.800000
mass 39 293.714287 117.995353 -2.647799 0.031623 1.0 0.800000
mass 40 334.999837 118.942569 -2.769430 0.666512 1.0 0.800000
mass 41 372.435038 78.692408 -1.802462 1.219203 1.0 0.800000
mass 42 374.564070 119.992813 -2.761933 1.246289 1.0 0.800000
mass 43 284.574086 3.0 0.0 0.0 1.0 0.800000
mass 44 324.249904 3.0 0.0 0.0 1.0 0.800000
mass 45 287.545616 43.492144 -0.620128 -0.402148 1.0 0.800000
mass 46 327.868990 41.714496 -0.433815 -0.012708 1.0 0.800000
mass 47 364.624915 3.0 0.0 0.0 1.0 0.800000
mass 48 368.679410 39.607421 -0.841131 0.572211 1.0 0.800000
spng 1 1 3 200.0 3.0 40.0
spng 2 3 4 200.0 3.0 40.0
spng 3 4 6 200.0 3.0 40.0
spng 4 6 5 200.0 3.0 40.0
spng 5 5 2 200.0 3.0 40.0
spng 6 2 1 200.0 3.0 40.0
spng 7 1 4 200.0 3.0 56.568542
spng 8 4 2 200.0 3.0 40.0
spng 9 2 6 200.0 3.0 56.568542
spng 10 5 4 200.0 3.0 56.568542
spng 11 2 3 200.0 3.0 56.568542
spng 12 7 9 200.0 3.0 40.0
spng 13 9 10 200.0 3.0 40.0
spng 14 10 12 200.0 3.0 40.0
spng 15 12 11 200.0 3.0 40.0
spng 16 11 8 200.0 3.0 40.0
spng 17 8 7 200.0 3.0 40.0
spng 18 7 10 200.0 3.0 56.568542
spng 19 10 8 200.0 3.0 40.0
spng 20 8 12 200.0 3.0 56.568542
spng 21 11 10 200.0 3.0 56.568542
spng 22 8 9 200.0 3.0 56.568542
spng 23 9 1 200.0 3.0 40.0
spng 24 10 2 200.0 3.0 40.0
spng 25 5 12 200.0 3.0 40.0
spng 26 9 2 200.0 3.0 56.568542
spng 27 1 10 200.0 3.0 56.568542
spng 28 10 5 200.0 3.0 56.568542
spng 29 2 12 200.0 3.0 56.568542
spng 30 13 15 200.0 3.0 40.0
spng 31 15 16 200.0 3.0 40.0
spng 32 16 18 200.0 3.0 40.0
spng 33 18 17 200.0 3.0 40.0
spng 34 17 14 200.0 3.0 40.0
spng 35 14 13 200.0 3.0 40.0
spng 36 13 16 200.0 3.0 56.568542
spng 37 16 14 200.0 3.0 40.0
spng 38 14 18 200.0 3.0 56.568542
spng 39 17 16 200.0 3.0 56.568542
spng 40 14 15 200.0 3.0 56.568542
spng 41 19 21 200.0 3.0 40.0
spng 42 21 22 200.0 3.0 40.0
spng 43 22 24 200.0 3.0 40.0
spng 44 24 23 200.0 3.0 40.0
spng 45 23 20 200.0 3.0 40.0
spng 46 20 19 200.0 3.0 40.0
spng 47 19 22 200.0 3.0 56.568542
spng 48 22 20 200.0 3.0 40.0
spng 49 20 24 200.0 3.0 56.568542
spng 50 23 22 200.0 3.0 56.568542
spng 51 20 21 200.0 3.0 56.568542
spng 52 21 13 200.0 3.0 40.0
spng 53 22 14 200.0 3.0 40.0
spng 54 17 24 200.0 3.0 40.0
spng 55 21 14 200.0 3.0 56.568542
spng 56 13 22 200.0 3.0 56.568542
spng 57 22 17 200.0 3.0 56.568542
spng 58 14 24 200.0 3.0 56.568542
spng 59 15 7 200.0 3.0 40.0
spng 60 16 7 200.0 3.0 56.568542
spng 61 15 8 200.0 3.0 56.568542
spng 62 8 16 200.0 3.0 40.0
spng 63 16 11 200.0 3.0 56.568542
spng 64 8 18 200.0 3.0 56.568542
spng 65 18 11 200.0 3.0 40.0
spng 66 25 27 200.0 3.0 40.0
spng 67 27 28 200.0 3.0 40.0
spng 68 28 30 200.0 3.0 40.0
spng 69 30 29 200.0 3.0 40.0
spng 70 29 26 200.0 3.0 40.0
spng 71 26 25 200.0 3.0 40.0
spng 72 25 28 200.0 3.0 56.568542
spng 73 28 26 200.0 3.0 40.0
spng 74 26 30 200.0 3.0 56.568542
spng 75 29 28 200.0 3.0 56.568542
spng 76 26 27 200.0 3.0 56.568542
spng 77 31 33 200.0 3.0 40.0
spng 78 33 34 200.0 3.0 40.0
spng 79 34 36 200.0 3.0 40.0
spng 80 36 35 200.0 3.0 40.0
spng 81 35 32 200.0 3.0 40.0
spng 82 32 31 200.0 3.0 40.0
spng 83 31 34 200.0 3.0 56.568542
spng 84 34 32 200.0 3.0 40.0
spng 85 32 36 200.0 3.0 56.568542
spng 86 35 34 200.0 3.0 56.568542
spng 87 32 33 200.0 3.0 56.568542
spng 88 33 25 200.0 3.0 40.0
spng 89 34 26 200.0 3.0 40.0
spng 90 29 36 200.0 3.0 40.0
spng 91 33 26 200.0 3.0 56.568542
spng 92 25 34 200.0 3.0 56.568542
spng 93 34 29 200.0 3.0 56.568542
spng 94 26 36 200.0 3.0 56.568542
spng 95 37 39 200.0 3.0 40.0
spng 96 39 40 200.0 3.0 40.0
spng 97 40 42 200.0 3.0 40.0
spng 98 42 41 200.0 3.0 40.0
spng 99 41 38 200.0 3.0 40.0
spng 100 38 37 200.0 3.0 40.0
spng 101 37 40 200.0 3.0 56.568542
spng 102 40 38 200.0 3.0 40.0
spng 103 38 42 200.0 3.0 56.568542
spng 104 41 40 200.0 3.0 56.568542
spng 105 38 39 200.0 3.0 56.568542
spng 106 43 45 200.0 3.0 40.0
spng 107 45 46 200.0 3.0 40.0
spng 108 46 48 200.0 3.0 40.0
spng 109 48 47 200.0 3.0 40.0
spng 110 47 44 200.0 3.0 40.0
spng 111 44 43 200.0 3.0 40.0
spng 112 43 46 200.0 3.0 56.568542
spng 113 46 44 200.0 3.0 40.0
spng 114 44 48 200.0 3.0 56.568542
spng 115 47 46 200.0 3.0 56.568542
spng 116 44 45 200.0 3.0 56.568542
spng 117 45 37 200.0 3.0 40.0
spng 118 46 38 200.0 3.0 40.0
spng 119 41 48 200.0 3.0 40.0
spng 120 45 38 200.0 3.0 56.568542
spng 121 37 46 200.0 3.0 56.568542
spng 122 46 41 200.0 3.0 56.568542
spng 123 38 48 200.0 3.0 56.568542
spng 124 39 31 200.0 3.0 40.0
spng 125 40 31 200.0 3.0 56.568542
spng 126 39 32 200.0 3.0 56.568542
spng 127 32 40 200.0 3.0 40.0
spng 128 40 35 200.0 3.0 56.568542
spng 129 32 42 200.0 3.0 56.568542
spng 130 42 35 200.0 3.0 40.0
spng 131 19 27 200.0 3.0 40.0
spng 132 28 20 200.0 3.0 40.0
spng 133 23 30 200.0 3.0 40.0
spng 134 30 20 200.0 3.0 56.568542
spng 135 28 23 200.0 3.0 56.568542
spng 136 27 20 200.0 3.0 56.568542
spng 137 19 28 200.0 3.0 56.568542
\BARFOO\
else
  echo "will not over write ./lib/jello-buttress.xsp"
fi
if `test ! -s ./lib/jello-pend.xsp`
then
echo "writting ./lib/jello-pend.xsp"
cat > ./lib/jello-pend.xsp << '\BARFOO\'
#1.0 *** XSpringies data file
cmas 1.0
elas 1.0
kspr 10.0
kdmp 1.0
fixm 1
shws 1
cent -1
frce 0 1 10.0 0.0
frce 1 0 5.0 2.0
frce 2 0 10.0 0.0
frce 3 0 10000.0 1.0
visc 0.0
stck 0.0
step 0.050000
prec 1.0
adpt 0
gsnp 40.0 0
wall 1 1 1 1
mass 1 284.881416 547.0 0.0 0.0 -1.0 1.0
mass 2 325.802925 547.0 0.0 0.0 -1.0 1.0
mass 3 286.763139 505.435292 0.112296 -0.397592 1.0 1.0
mass 4 326.191222 507.416946 0.110763 0.084379 1.0 1.0
mass 5 289.760692 463.928826 0.854843 -0.728891 1.0 1.0
mass 6 329.242767 467.708870 0.678030 0.498465 1.0 1.0
mass 7 294.626730 422.692179 2.669458 -1.215879 1.0 1.0
mass 8 333.906340 428.189724 2.259825 1.211325 1.0 1.0
mass 9 301.257308 381.732210 6.066652 -1.531961 1.0 1.0
mass 10 340.278383 388.950584 5.265910 2.386591 1.0 1.0
mass 11 309.691865 341.133139 11.198623 -1.327759 1.0 1.0
mass 12 348.372537 350.080499 9.887431 4.028782 1.0 1.0
mass 13 319.928943 301.005060 17.726700 -0.345301 1.0 1.0
mass 14 358.202783 311.640295 15.884869 6.065313 1.0 1.0
mass 15 331.870096 261.467138 25.028818 1.445474 1.0 1.0
mass 16 369.709999 273.642635 22.747662 8.390261 1.0 1.0
mass 17 345.256208 222.599690 32.485575 3.870329 1.0 1.0
mass 18 382.705489 236.026840 29.941690 10.874972 1.0 1.0
mass 19 359.668272 184.389017 39.640617 6.638315 1.0 1.0
mass 20 396.833030 198.647836 37.025093 13.365584 1.0 1.0
mass 21 374.522887 146.697008 46.237474 9.422972 5.0 1.0
mass 22 411.667355 161.356113 43.759365 15.789159 5.0 1.0
spng 1 1 3 200.0 1.0 40.0
spng 2 3 5 200.0 1.0 40.0
spng 3 5 7 200.0 1.0 40.0
spng 4 7 9 200.0 1.0 40.0
spng 5 9 11 200.0 1.0 40.0
spng 6 11 13 200.0 1.0 40.0
spng 7 13 15 200.0 1.0 40.0
spng 8 15 17 200.0 1.0 40.0
spng 9 17 19 200.0 1.0 40.0
spng 10 19 21 200.0 1.0 40.0
spng 11 21 22 200.0 1.0 40.0
spng 12 22 20 200.0 1.0 40.0
spng 13 20 18 200.0 1.0 40.0
spng 14 18 16 200.0 1.0 40.0
spng 15 16 14 200.0 1.0 40.0
spng 16 14 12 200.0 1.0 40.0
spng 17 12 10 200.0 1.0 40.0
spng 18 10 8 200.0 1.0 40.0
spng 19 8 6 200.0 1.0 40.0
spng 20 6 4 200.0 1.0 40.0
spng 21 4 2 200.0 1.0 40.0
spng 22 2 1 200.0 1.0 40.0
spng 23 1 4 200.0 1.0 56.568542
spng 24 4 5 200.0 1.0 56.568542
spng 25 5 8 200.0 1.0 56.568542
spng 26 8 9 200.0 1.0 56.568542
spng 27 9 12 200.0 1.0 56.568542
spng 28 12 13 200.0 1.0 56.568542
spng 29 13 16 200.0 1.0 56.568542
spng 30 16 17 200.0 1.0 56.568542
spng 31 17 20 200.0 1.0 56.568542
spng 32 20 21 200.0 1.0 56.568542
spng 33 19 20 200.0 1.0 40.0
spng 34 18 17 200.0 1.0 40.0
spng 35 15 16 200.0 1.0 40.0
spng 36 22 19 200.0 1.0 56.568542
spng 37 19 18 200.0 1.0 56.568542
spng 38 18 15 200.0 1.0 56.568542
spng 39 15 14 200.0 1.0 56.568542
spng 40 14 13 200.0 1.0 40.0
spng 41 14 11 200.0 1.0 56.568542
spng 42 11 10 200.0 1.0 56.568542
spng 43 12 11 200.0 1.0 40.0
spng 44 9 10 200.0 1.0 40.0
spng 45 10 7 200.0 1.0 56.568542
spng 46 7 8 200.0 1.0 40.0
spng 47 7 6 200.0 1.0 56.568542
spng 48 6 5 200.0 1.0 40.0
spng 49 6 3 200.0 1.0 56.568542
spng 50 3 4 200.0 1.0 40.0
spng 51 2 3 200.0 1.0 56.568542
\BARFOO\
else
  echo "will not over write ./lib/jello-pend.xsp"
fi
if `test ! -s ./lib/jello.xsp`
then
echo "writting ./lib/jello.xsp"
cat > ./lib/jello.xsp << '\BARFOO\'
#1.0 *** XSpringies data file
cmas 1.0
elas 0.100000
kspr 50.0
kdmp 1.0
fixm 0
shws 1
cent -1
frce 0 1 10.0 0.0
frce 1 0 5.0 2.0
frce 2 0 10.0 0.0
frce 3 0 10000.0 1.0
visc 0.0
stck 0.0
step 0.025000
prec 1.0
adpt 0
gsnp 40.0 0
wall 1 1 1 1
mass 1 267.341544 187.781792 0.000023 0.000313 1.0 0.100000
mass 2 307.352886 187.778570 -0.000001 0.000325 1.0 0.100000
mass 3 347.364229 187.781783 -0.000025 0.000321 1.0 0.100000
mass 4 267.323768 147.820450 0.000060 0.000247 1.0 0.100000
mass 5 307.352882 147.815849 0.000003 0.000257 1.0 0.100000
mass 6 347.381996 147.820443 -0.000053 0.000253 1.0 0.100000
mass 7 267.306829 107.892774 0.000081 0.000137 1.0 0.100000
mass 8 307.352878 107.895083 0.000007 0.000130 1.0 0.100000
mass 9 347.398927 107.892769 -0.000068 0.000141 1.0 0.100000
mass 10 267.317921 68.0 0.0 0.0 1.0 0.100000
mass 11 307.352876 68.0 0.0 0.0 1.0 0.100000
mass 12 347.387831 68.0 0.0 0.0 1.0 0.100000
spng 1 1 4 200.0 1.0 40.0
spng 2 4 7 200.0 1.0 40.0
spng 3 7 10 200.0 1.0 40.0
spng 4 10 11 200.0 1.0 40.0
spng 5 11 8 200.0 1.0 40.0
spng 6 8 5 200.0 1.0 40.0
spng 7 5 2 200.0 1.0 40.0
spng 8 2 3 200.0 1.0 40.0
spng 9 3 6 200.0 1.0 40.0
spng 10 6 9 200.0 1.0 40.0
spng 11 9 12 200.0 1.0 40.0
spng 12 12 11 200.0 1.0 40.0
spng 13 11 9 200.0 1.0 56.568542
spng 14 9 5 200.0 1.0 56.568542
spng 15 5 3 200.0 1.0 56.568542
spng 16 2 6 200.0 1.0 56.568542
spng 17 6 8 200.0 1.0 56.568542
spng 18 8 12 200.0 1.0 56.568542
spng 19 8 9 200.0 1.0 40.0
spng 20 6 5 200.0 1.0 40.0
spng 21 5 4 200.0 1.0 40.0
spng 22 1 2 200.0 1.0 40.0
spng 23 2 4 200.0 1.0 56.568542
spng 24 4 8 200.0 1.0 56.568542
spng 25 8 7 200.0 1.0 40.0
spng 26 7 5 200.0 1.0 56.568542
spng 27 5 1 200.0 1.0 56.568542
spng 28 7 11 200.0 1.0 56.568542
spng 29 8 10 200.0 1.0 56.568542
\BARFOO\
else
  echo "will not over write ./lib/jello.xsp"
fi
echo "Finished archive 11 of 16"
exit

exit 0 # Just in case...
-- 
  // chris@IMD.Sterling.COM            | Send comp.sources.x submissions to:
\X/  Amiga - The only way to fly!      |
 "It's intuitively obvious to the most |    sources-x@imd.sterling.com
  casual observer..."                  |
