Newsgroups: comp.sources.x
From: dmd@gradient.cis.upenn.edu (Douglas DeCarlo)
Subject: v19i057:  xspringies - it's a spring simulator...no, it's a game, Part05/16
Message-ID: <1993Mar26.161234.9766@sparky.imd.sterling.com>
X-Md4-Signature: d8f123af6cc56ba28434406bf17aa268
Date: Fri, 26 Mar 1993 16:12:34 GMT
Approved: chris@sparky.imd.sterling.com

Submitted-by: dmd@gradient.cis.upenn.edu (Douglas DeCarlo)
Posting-number: Volume 19, Issue 57
Archive-name: xspringies/part05
Environment: X11
Supersedes: xspringies: Volume 14, Issue 25-30

#!/bin/sh
# to extract, remove the header and type "sh filename"
if `test ! -d ./lib`
then
  mkdir ./lib
  echo "mkdir ./lib"
fi
if `test ! -s ./lib/xgrid.xsp`
then
echo "writting ./lib/xgrid.xsp"
cat > ./lib/xgrid.xsp << '\BARFOO\'
#1.0 *** XSpringies data file
cmas 1
elas 1
kspr 10
kdmp 1
fixm 0
shws 1
cent -1
frce 0 0 10 0
frce 1 0 5 2
frce 2 0 10 0
frce 3 0 10000 1
visc 0
stck 0
step 0.025
prec 1
adpt 0
gsnp 20 0
wall 1 1 1 1
mass 1 300 270 0 0 1 1
mass 2 300 290 0 0 0.5 1
mass 3 300 310 0 0 0.5 1
mass 4 300 330 0 0 0.5 1
mass 5 300 350 0 0 0.5 1
mass 6 300 370 0 0 0.5 1
mass 7 300 250 0 0 0.5 1
mass 8 300 230 0 0 0.5 1
mass 9 300 210 0 0 0.5 1
mass 10 300 190 0 0 0.5 1
mass 11 300 170 0 0 0.5 1
mass 12 320 270 0 0 0.5 1
mass 13 340 270 0 0 0.5 1
mass 14 360 270 0 0 0.5 1
mass 15 380 270 0 0 0.5 1
mass 16 400 270 0 0 0.5 1
mass 17 280 270 0 0 0.5 1
mass 18 260 270 0 0 0.5 1
mass 19 240 270 0 0 0.5 1
mass 20 220 270 0 0 0.5 1
mass 21 200 270 0 0 0.5 1
spng 1 21 20 200 5 20
spng 2 20 19 200 5 20
spng 3 19 18 200 5 20
spng 4 18 17 200 5 20
spng 5 17 1 200 5 20
spng 6 1 12 200 5 20
spng 7 12 13 200 5 20
spng 8 13 14 200 5 20
spng 9 14 15 200 5 20
spng 10 15 16 200 5 20
spng 11 6 5 200 5 20
spng 12 5 4 200 5 20
spng 13 4 3 200 5 20
spng 14 3 2 200 5 20
spng 15 2 1 200 5 20
spng 16 1 7 200 5 20
spng 17 7 8 200 5 20
spng 18 8 9 200 5 20
spng 19 9 10 200 5 20
spng 20 10 11 200 5 20
spng 21 17 11 200 5 101.980390271855697
spng 22 11 12 200 5 101.980390271855697
spng 23 12 6 200 5 101.980390271855697
spng 24 6 17 200 5 101.980390271855697
spng 25 18 5 200 5 89.4427190999915922
spng 26 5 13 200 5 89.4427190999915922
spng 27 13 10 200 5 89.4427190999915922
spng 28 10 18 200 5 89.4427190999915922
spng 29 19 4 200 5 84.8528137423857061
spng 30 4 14 200 5 84.8528137423857061
spng 31 14 9 200 5 84.8528137423857061
spng 32 9 19 200 5 84.8528137423857061
spng 33 20 3 200 5 89.4427190999915922
spng 34 3 15 200 5 89.4427190999915922
spng 35 15 8 200 5 89.4427190999915922
spng 36 8 20 200 5 89.4427190999915922
spng 37 21 2 200 5 101.980390271855697
spng 38 2 16 200 5 101.980390271855697
spng 39 16 7 200 5 101.980390271855697
spng 40 7 21 200 5 101.980390271855697
\BARFOO\
else
  echo "will not over write ./lib/xgrid.xsp"
fi
if `test ! -s ./lib/xtrimesh.xsp`
then
echo "writting ./lib/xtrimesh.xsp"
cat > ./lib/xtrimesh.xsp << '\BARFOO\'
#1.0 *** XSpringies data file
cmas 1
elas 1
kspr 200
kdmp 5
fixm 0
shws 1
cent -1
frce 0 0 10 0
frce 1 0 5 2
frce 2 0 10 0
frce 3 0 10000 1
visc 0
stck 0
step 0.025
prec 1
adpt 0
gsnp 20 0
wall 1 1 1 1
mass 1 100 107 0 0 -1 1
mass 2 100 132 0 0 -1 1
mass 3 100 157 0 0 -1 1
mass 4 100 382 0 0 -1 1
mass 5 100 407 0 0 -1 1
mass 6 100 432 0 0 -1 1
mass 7 125 95 0 0 -1 1
mass 8 125 120 0 0 1 1
mass 9 125 145 0 0 1 1
mass 10 125 170 0 0 -1 1
mass 11 125 370 0 0 -1 1
mass 12 125 395 0 0 1 1
mass 13 125 420 0 0 1 1
mass 14 125 445 0 0 -1 1
mass 15 150 82 0 0 -1 1
mass 16 150 107 0 0 1 1
mass 17 150 132 0 0 1 1
mass 18 150 157 0 0 1 1
mass 19 150 182 0 0 -1 1
mass 20 150 357 0 0 -1 1
mass 21 150 382 0 0 1 1
mass 22 150 407 0 0 1 1
mass 23 150 432 0 0 1 1
mass 24 150 457 0 0 -1 1
mass 25 175 95 0 0 -1 1
mass 26 175 120 0 0 1 1
mass 27 175 145 0 0 1 1
mass 28 175 170 0 0 1 1
mass 29 175 195 0 0 -1 1
mass 30 175 345 0 0 -1 1
mass 31 175 370 0 0 1 1
mass 32 175 395 0 0 1 1
mass 33 175 420 0 0 1 1
mass 34 175 445 0 0 -1 1
mass 35 200 107 0 0 -1 1
mass 36 200 132 0 0 1 1
mass 37 200 157 0 0 1 1
mass 38 200 182 0 0 1 1
mass 39 200 207 0 0 -1 1
mass 40 200 332 0 0 -1 1
mass 41 200 357 0 0 1 1
mass 42 200 382 0 0 1 1
mass 43 200 407 0 0 1 1
mass 44 200 432 0 0 -1 1
mass 45 225 120 0 0 -1 1
mass 46 225 145 0 0 1 1
mass 47 225 170 0 0 1 1
mass 48 225 195 0 0 1 1
mass 49 225 220 0 0 -1 1
mass 50 225 320 0 0 -1 1
mass 51 225 345 0 0 1 1
mass 52 225 370 0 0 1 1
mass 53 225 395 0 0 1 1
mass 54 225 420 0 0 -1 1
mass 55 250 132 0 0 -1 1
mass 56 250 157 0 0 1 1
mass 57 250 182 0 0 1 1
mass 58 250 207 0 0 1 1
mass 59 250 232 0 0 -1 1
mass 60 250 307 0 0 -1 1
mass 61 250 332 0 0 1 1
mass 62 250 357 0 0 1 1
mass 63 250 382 0 0 1 1
mass 64 250 407 0 0 -1 1
mass 65 275 145 0 0 -1 1
mass 66 275 170 0 0 1 1
mass 67 275 195 0 0 1 1
mass 68 275 220 0 0 1 1
mass 69 275 245 0 0 -1 1
mass 70 275 295 0 0 -1 1
mass 71 275 320 0 0 1 1
mass 72 275 345 0 0 1 1
mass 73 275 370 0 0 1 1
mass 74 275 395 0 0 -1 1
mass 75 300 157 0 0 -1 1
mass 76 300 182 0 0 1 1
mass 77 300 207 0 0 1 1
mass 78 300 232 0 0 1 1
mass 79 300 257 0 0 1 1
mass 80 300 282 0 0 1 1
mass 81 300 307 0 0 1 1
mass 82 300 332 0 0 1 1
mass 83 300 357 0 0 1 1
mass 84 300 382 0 0 -1 1
mass 85 325 170 0 0 -1 1
mass 86 325 195 0 0 1 1
mass 87 325 220 0 0 1 1
mass 88 325 245 0 0 1 1
mass 89 325 270 0 0 1 1
mass 90 325 295 0 0 1 1
mass 91 325 320 0 0 1 1
mass 92 325 345 0 0 1 1
mass 93 325 370 0 0 -1 1
mass 94 350 157 0 0 -1 1
mass 95 350 182 0 0 1 1
mass 96 350 207 0 0 1 1
mass 97 350 232 0 0 1 1
mass 98 350 257 0 0 1 1
mass 99 350 282 0 0 1 1
mass 100 350 307 0 0 1 1
mass 101 350 332 0 0 1 1
mass 102 350 357 0 0 1 1
mass 103 350 382 0 0 -1 1
mass 104 375 145 0 0 -1 1
mass 105 375 170 0 0 1 1
mass 106 375 195 0 0 1 1
mass 107 375 220 0 0 1 1
mass 108 375 245 0 0 -1 1
mass 109 375 295 0 0 -1 1
mass 110 375 320 0 0 1 1
mass 111 375 345 0 0 1 1
mass 112 375 370 0 0 1 1
mass 113 375 395 0 0 -1 1
mass 114 400 132 0 0 -1 1
mass 115 400 157 0 0 1 1
mass 116 400 182 0 0 1 1
mass 117 400 207 0 0 1 1
mass 118 400 232 0 0 -1 1
mass 119 400 307 0 0 -1 1
mass 120 400 332 0 0 1 1
mass 121 400 357 0 0 1 1
mass 122 400 382 0 0 1 1
mass 123 400 407 0 0 -1 1
mass 124 425 120 0 0 -1 1
mass 125 425 145 0 0 1 1
mass 126 425 170 0 0 1 1
mass 127 425 195 0 0 1 1
mass 128 425 220 0 0 -1 1
mass 129 425 320 0 0 -1 1
mass 130 425 345 0 0 1 1
mass 131 425 370 0 0 1 1
mass 132 425 395 0 0 1 1
mass 133 425 420 0 0 -1 1
mass 134 450 107 0 0 -1 1
mass 135 450 132 0 0 1 1
mass 136 450 157 0 0 1 1
mass 137 450 182 0 0 1 1
mass 138 450 207 0 0 -1 1
mass 139 450 332 0 0 -1 1
mass 140 450 357 0 0 1 1
mass 141 450 382 0 0 1 1
mass 142 450 407 0 0 1 1
mass 143 450 432 0 0 -1 1
mass 144 475 95 0 0 -1 1
mass 145 475 120 0 0 1 1
mass 146 475 145 0 0 1 1
mass 147 475 170 0 0 1 1
mass 148 475 195 0 0 -1 1
mass 149 475 345 0 0 -1 1
mass 150 475 370 0 0 1 1
mass 151 475 395 0 0 1 1
mass 152 475 420 0 0 1 1
mass 153 475 445 0 0 -1 1
mass 154 500 82 0 0 -1 1
mass 155 500 107 0 0 1 1
mass 156 500 132 0 0 1 1
mass 157 500 157 0 0 1 1
mass 158 500 182 0 0 -1 1
mass 159 500 357 0 0 -1 1
mass 160 500 382 0 0 1 1
mass 161 500 407 0 0 1 1
mass 162 500 432 0 0 1 1
mass 163 500 457 0 0 -1 1
mass 164 525 95 0 0 -1 1
mass 165 525 120 0 0 1 1
mass 166 525 145 0 0 1 1
mass 167 525 170 0 0 -1 1
mass 168 525 370 0 0 -1 1
mass 169 525 395 0 0 1 1
mass 170 525 420 0 0 1 1
mass 171 525 445 0 0 -1 1
mass 172 550 107 0 0 -1 1
mass 173 550 132 0 0 -1 1
mass 174 550 157 0 0 -1 1
mass 175 550 382 0 0 -1 1
mass 176 550 407 0 0 -1 1
mass 177 550 432 0 0 -1 1
spng 1 1 2 200 5 25
spng 2 2 3 200 5 25
spng 3 4 5 200 5 25
spng 4 5 6 200 5 25
spng 5 7 8 200 5 25
spng 6 8 9 200 5 25
spng 7 9 10 200 5 25
spng 8 11 12 200 5 25
spng 9 12 13 200 5 25
spng 10 13 14 200 5 25
spng 11 15 16 200 5 25
spng 12 16 17 200 5 25
spng 13 17 18 200 5 25
spng 14 18 19 200 5 25
spng 15 20 21 200 5 25
spng 16 21 22 200 5 25
spng 17 22 23 200 5 25
spng 18 23 24 200 5 25
spng 19 25 26 200 5 25
spng 20 26 27 200 5 25
spng 21 27 28 200 5 25
spng 22 28 29 200 5 25
spng 23 30 31 200 5 25
spng 24 31 32 200 5 25
spng 25 32 33 200 5 25
spng 26 33 34 200 5 25
spng 27 35 36 200 5 25
spng 28 36 37 200 5 25
spng 29 37 38 200 5 25
spng 30 38 39 200 5 25
spng 31 40 41 200 5 25
spng 32 41 42 200 5 25
spng 33 42 43 200 5 25
spng 34 43 44 200 5 25
spng 35 45 46 200 5 25
spng 36 46 47 200 5 25
spng 37 47 48 200 5 25
spng 38 48 49 200 5 25
spng 39 50 51 200 5 25
spng 40 51 52 200 5 25
spng 41 52 53 200 5 25
spng 42 53 54 200 5 25
spng 43 55 56 200 5 25
spng 44 56 57 200 5 25
spng 45 57 58 200 5 25
spng 46 58 59 200 5 25
spng 47 60 61 200 5 25
spng 48 61 62 200 5 25
spng 49 62 63 200 5 25
spng 50 63 64 200 5 25
spng 51 65 66 200 5 25
spng 52 66 67 200 5 25
spng 53 67 68 200 5 25
spng 54 68 69 200 5 25
spng 55 70 71 200 5 25
spng 56 71 72 200 5 25
spng 57 72 73 200 5 25
spng 58 73 74 200 5 25
spng 59 75 76 200 5 25
spng 60 76 77 200 5 25
spng 61 77 78 200 5 25
spng 62 78 79 200 5 25
spng 63 79 80 200 5 25
spng 64 80 81 200 5 25
spng 65 81 82 200 5 25
spng 66 82 83 200 5 25
spng 67 83 84 200 5 25
spng 68 85 86 200 5 25
spng 69 86 87 200 5 25
spng 70 87 88 200 5 25
spng 71 88 89 200 5 25
spng 72 89 90 200 5 25
spng 73 90 91 200 5 25
spng 74 91 92 200 5 25
spng 75 92 93 200 5 25
spng 76 94 95 200 5 25
spng 77 95 96 200 5 25
spng 78 96 97 200 5 25
spng 79 97 98 200 5 25
spng 80 98 99 200 5 25
spng 81 99 100 200 5 25
spng 82 100 101 200 5 25
spng 83 101 102 200 5 25
spng 84 102 103 200 5 25
spng 85 104 105 200 5 25
spng 86 105 106 200 5 25
spng 87 106 107 200 5 25
spng 88 107 108 200 5 25
spng 89 109 110 200 5 25
spng 90 110 111 200 5 25
spng 91 111 112 200 5 25
spng 92 112 113 200 5 25
spng 93 114 115 200 5 25
spng 94 115 116 200 5 25
spng 95 116 117 200 5 25
spng 96 117 118 200 5 25
spng 97 119 120 200 5 25
spng 98 120 121 200 5 25
spng 99 121 122 200 5 25
spng 100 122 123 200 5 25
spng 101 124 125 200 5 25
spng 102 125 126 200 5 25
spng 103 126 127 200 5 25
spng 104 127 128 200 5 25
spng 105 129 130 200 5 25
spng 106 130 131 200 5 25
spng 107 131 132 200 5 25
spng 108 132 133 200 5 25
spng 109 134 135 200 5 25
spng 110 135 136 200 5 25
spng 111 136 137 200 5 25
spng 112 137 138 200 5 25
spng 113 139 140 200 5 25
spng 114 140 141 200 5 25
spng 115 141 142 200 5 25
spng 116 142 143 200 5 25
spng 117 144 145 200 5 25
spng 118 145 146 200 5 25
spng 119 146 147 200 5 25
spng 120 147 148 200 5 25
spng 121 149 150 200 5 25
spng 122 150 151 200 5 25
spng 123 151 152 200 5 25
spng 124 152 153 200 5 25
spng 125 154 155 200 5 25
spng 126 155 156 200 5 25
spng 127 156 157 200 5 25
spng 128 157 158 200 5 25
spng 129 159 160 200 5 25
spng 130 160 161 200 5 25
spng 131 161 162 200 5 25
spng 132 162 163 200 5 25
spng 133 164 165 200 5 25
spng 134 165 166 200 5 25
spng 135 166 167 200 5 25
spng 136 168 169 200 5 25
spng 137 169 170 200 5 25
spng 138 170 171 200 5 25
spng 139 172 173 200 5 25
spng 140 173 174 200 5 25
spng 141 175 176 200 5 25
spng 142 176 177 200 5 25
spng 143 1 8 200 5 28.1780056072
spng 144 2 9 200 5 28.1780056072
spng 145 3 10 200 5 28.1780056072
spng 146 4 12 200 5 28.1780056072
spng 147 5 13 200 5 28.1780056072
spng 148 6 14 200 5 28.1780056072
spng 149 7 16 200 5 27.7308492477
spng 150 8 17 200 5 27.7308492477
spng 151 9 18 200 5 27.7308492477
spng 152 10 19 200 5 27.7308492477
spng 153 11 21 200 5 27.7308492477
spng 154 12 22 200 5 27.7308492477
spng 155 13 23 200 5 27.7308492477
spng 156 14 24 200 5 27.7308492477
spng 157 15 25 200 5 28.1780056072
spng 158 16 26 200 5 28.1780056072
spng 159 17 27 200 5 28.1780056072
spng 160 18 28 200 5 28.1780056072
spng 161 19 29 200 5 28.1780056072
spng 162 20 31 200 5 28.1780056072
spng 163 21 32 200 5 28.1780056072
spng 164 22 33 200 5 28.1780056072
spng 165 23 34 200 5 28.1780056072
spng 166 25 35 200 5 27.7308492477
spng 167 26 36 200 5 27.7308492477
spng 168 27 37 200 5 27.7308492477
spng 169 28 38 200 5 27.7308492477
spng 170 29 39 200 5 27.7308492477
spng 171 30 41 200 5 27.7308492477
spng 172 31 42 200 5 27.7308492477
spng 173 32 43 200 5 27.7308492477
spng 174 33 44 200 5 27.7308492477
spng 175 35 45 200 5 28.1780056072
spng 176 36 46 200 5 28.1780056072
spng 177 37 47 200 5 28.1780056072
spng 178 38 48 200 5 28.1780056072
spng 179 39 49 200 5 28.1780056072
spng 180 40 51 200 5 28.1780056072
spng 181 41 52 200 5 28.1780056072
spng 182 42 53 200 5 28.1780056072
spng 183 43 54 200 5 28.1780056072
spng 184 45 55 200 5 27.7308492477
spng 185 46 56 200 5 27.7308492477
spng 186 47 57 200 5 27.7308492477
spng 187 48 58 200 5 27.7308492477
spng 188 49 59 200 5 27.7308492477
spng 189 50 61 200 5 27.7308492477
spng 190 51 62 200 5 27.7308492477
spng 191 52 63 200 5 27.7308492477
spng 192 53 64 200 5 27.7308492477
spng 193 55 65 200 5 28.1780056072
spng 194 56 66 200 5 28.1780056072
spng 195 57 67 200 5 28.1780056072
spng 196 58 68 200 5 28.1780056072
spng 197 59 69 200 5 28.1780056072
spng 198 60 71 200 5 28.1780056072
spng 199 61 72 200 5 28.1780056072
spng 200 62 73 200 5 28.1780056072
spng 201 63 74 200 5 28.1780056072
spng 202 65 75 200 5 27.7308492477
spng 203 66 76 200 5 27.7308492477
spng 204 67 77 200 5 27.7308492477
spng 205 68 78 200 5 27.7308492477
spng 206 69 79 200 5 27.7308492477
spng 207 70 81 200 5 27.7308492477
spng 208 71 82 200 5 27.7308492477
spng 209 72 83 200 5 27.7308492477
spng 210 73 84 200 5 27.7308492477
spng 211 75 85 200 5 28.1780056072
spng 212 76 86 200 5 28.1780056072
spng 213 77 87 200 5 28.1780056072
spng 214 78 88 200 5 28.1780056072
spng 215 79 89 200 5 28.1780056072
spng 216 80 90 200 5 28.1780056072
spng 217 81 91 200 5 28.1780056072
spng 218 82 92 200 5 28.1780056072
spng 219 83 93 200 5 28.1780056072
spng 220 85 95 200 5 27.7308492477
spng 221 86 96 200 5 27.7308492477
spng 222 87 97 200 5 27.7308492477
spng 223 88 98 200 5 27.7308492477
spng 224 89 99 200 5 27.7308492477
spng 225 90 100 200 5 27.7308492477
spng 226 91 101 200 5 27.7308492477
spng 227 92 102 200 5 27.7308492477
spng 228 93 103 200 5 27.7308492477
spng 229 94 105 200 5 28.1780056072
spng 230 95 106 200 5 28.1780056072
spng 231 96 107 200 5 28.1780056072
spng 232 97 108 200 5 28.1780056072
spng 233 99 109 200 5 28.1780056072
spng 234 100 110 200 5 28.1780056072
spng 235 101 111 200 5 28.1780056072
spng 236 102 112 200 5 28.1780056072
spng 237 103 113 200 5 28.1780056072
spng 238 104 115 200 5 27.7308492477
spng 239 105 116 200 5 27.7308492477
spng 240 106 117 200 5 27.7308492477
spng 241 107 118 200 5 27.7308492477
spng 242 109 119 200 5 27.7308492477
spng 243 110 120 200 5 27.7308492477
spng 244 111 121 200 5 27.7308492477
spng 245 112 122 200 5 27.7308492477
spng 246 113 123 200 5 27.7308492477
spng 247 114 125 200 5 28.1780056072
spng 248 115 126 200 5 28.1780056072
spng 249 116 127 200 5 28.1780056072
spng 250 117 128 200 5 28.1780056072
spng 251 119 129 200 5 28.1780056072
spng 252 120 130 200 5 28.1780056072
spng 253 121 131 200 5 28.1780056072
spng 254 122 132 200 5 28.1780056072
spng 255 123 133 200 5 28.1780056072
spng 256 124 135 200 5 27.7308492477
spng 257 125 136 200 5 27.7308492477
spng 258 126 137 200 5 27.7308492477
spng 259 127 138 200 5 27.7308492477
spng 260 129 139 200 5 27.7308492477
spng 261 130 140 200 5 27.7308492477
spng 262 131 141 200 5 27.7308492477
spng 263 132 142 200 5 27.7308492477
spng 264 133 143 200 5 27.7308492477
spng 265 134 145 200 5 28.1780056072
spng 266 135 146 200 5 28.1780056072
spng 267 136 147 200 5 28.1780056072
spng 268 137 148 200 5 28.1780056072
spng 269 139 149 200 5 28.1780056072
spng 270 140 150 200 5 28.1780056072
spng 271 141 151 200 5 28.1780056072
spng 272 142 152 200 5 28.1780056072
spng 273 143 153 200 5 28.1780056072
spng 274 144 155 200 5 27.7308492477
spng 275 145 156 200 5 27.7308492477
spng 276 146 157 200 5 27.7308492477
spng 277 147 158 200 5 27.7308492477
spng 278 149 159 200 5 27.7308492477
spng 279 150 160 200 5 27.7308492477
spng 280 151 161 200 5 27.7308492477
spng 281 152 162 200 5 27.7308492477
spng 282 153 163 200 5 27.7308492477
spng 283 154 164 200 5 28.1780056072
spng 284 155 165 200 5 28.1780056072
spng 285 156 166 200 5 28.1780056072
spng 286 157 167 200 5 28.1780056072
spng 287 159 168 200 5 28.1780056072
spng 288 160 169 200 5 28.1780056072
spng 289 161 170 200 5 28.1780056072
spng 290 162 171 200 5 28.1780056072
spng 291 164 172 200 5 27.7308492477
spng 292 165 173 200 5 27.7308492477
spng 293 166 174 200 5 27.7308492477
spng 294 168 175 200 5 27.7308492477
spng 295 169 176 200 5 27.7308492477
spng 296 170 177 200 5 27.7308492477
spng 297 1 7 200 5 27.7308492477
spng 298 2 8 200 5 27.7308492477
spng 299 3 9 200 5 27.7308492477
spng 300 4 11 200 5 27.7308492477
spng 301 5 12 200 5 27.7308492477
spng 302 6 13 200 5 27.7308492477
spng 303 7 15 200 5 28.1780056072
spng 304 8 16 200 5 28.1780056072
spng 305 9 17 200 5 28.1780056072
spng 306 10 18 200 5 28.1780056072
spng 307 11 20 200 5 28.1780056072
spng 308 12 21 200 5 28.1780056072
spng 309 13 22 200 5 28.1780056072
spng 310 14 23 200 5 28.1780056072
spng 311 16 25 200 5 27.7308492477
spng 312 17 26 200 5 27.7308492477
spng 313 18 27 200 5 27.7308492477
spng 314 19 28 200 5 27.7308492477
spng 315 20 30 200 5 27.7308492477
spng 316 21 31 200 5 27.7308492477
spng 317 22 32 200 5 27.7308492477
spng 318 23 33 200 5 27.7308492477
spng 319 24 34 200 5 27.7308492477
spng 320 26 35 200 5 28.1780056072
spng 321 27 36 200 5 28.1780056072
spng 322 28 37 200 5 28.1780056072
spng 323 29 38 200 5 28.1780056072
spng 324 30 40 200 5 28.1780056072
spng 325 31 41 200 5 28.1780056072
spng 326 32 42 200 5 28.1780056072
spng 327 33 43 200 5 28.1780056072
spng 328 34 44 200 5 28.1780056072
spng 329 36 45 200 5 27.7308492477
spng 330 37 46 200 5 27.7308492477
spng 331 38 47 200 5 27.7308492477
spng 332 39 48 200 5 27.7308492477
spng 333 40 50 200 5 27.7308492477
spng 334 41 51 200 5 27.7308492477
spng 335 42 52 200 5 27.7308492477
spng 336 43 53 200 5 27.7308492477
spng 337 44 54 200 5 27.7308492477
spng 338 46 55 200 5 28.1780056072
spng 339 47 56 200 5 28.1780056072
spng 340 48 57 200 5 28.1780056072
spng 341 49 58 200 5 28.1780056072
spng 342 50 60 200 5 28.1780056072
spng 343 51 61 200 5 28.1780056072
spng 344 52 62 200 5 28.1780056072
spng 345 53 63 200 5 28.1780056072
spng 346 54 64 200 5 28.1780056072
spng 347 56 65 200 5 27.7308492477
spng 348 57 66 200 5 27.7308492477
spng 349 58 67 200 5 27.7308492477
spng 350 59 68 200 5 27.7308492477
spng 351 60 70 200 5 27.7308492477
spng 352 61 71 200 5 27.7308492477
spng 353 62 72 200 5 27.7308492477
spng 354 63 73 200 5 27.7308492477
spng 355 64 74 200 5 27.7308492477
spng 356 66 75 200 5 28.1780056072
spng 357 67 76 200 5 28.1780056072
spng 358 68 77 200 5 28.1780056072
spng 359 69 78 200 5 28.1780056072
spng 360 70 80 200 5 28.1780056072
spng 361 71 81 200 5 28.1780056072
spng 362 72 82 200 5 28.1780056072
spng 363 73 83 200 5 28.1780056072
spng 364 74 84 200 5 28.1780056072
spng 365 76 85 200 5 27.7308492477
spng 366 77 86 200 5 27.7308492477
spng 367 78 87 200 5 27.7308492477
spng 368 79 88 200 5 27.7308492477
spng 369 80 89 200 5 27.7308492477
spng 370 81 90 200 5 27.7308492477
spng 371 82 91 200 5 27.7308492477
spng 372 83 92 200 5 27.7308492477
spng 373 84 93 200 5 27.7308492477
spng 374 85 94 200 5 28.1780056072
spng 375 86 95 200 5 28.1780056072
spng 376 87 96 200 5 28.1780056072
spng 377 88 97 200 5 28.1780056072
spng 378 89 98 200 5 28.1780056072
spng 379 90 99 200 5 28.1780056072
spng 380 91 100 200 5 28.1780056072
spng 381 92 101 200 5 28.1780056072
spng 382 93 102 200 5 28.1780056072
spng 383 94 104 200 5 27.7308492477
spng 384 95 105 200 5 27.7308492477
spng 385 96 106 200 5 27.7308492477
spng 386 97 107 200 5 27.7308492477
spng 387 98 108 200 5 27.7308492477
spng 388 100 109 200 5 27.7308492477
spng 389 101 110 200 5 27.7308492477
spng 390 102 111 200 5 27.7308492477
spng 391 103 112 200 5 27.7308492477
spng 392 104 114 200 5 28.1780056072
spng 393 105 115 200 5 28.1780056072
spng 394 106 116 200 5 28.1780056072
spng 395 107 117 200 5 28.1780056072
spng 396 108 118 200 5 28.1780056072
spng 397 110 119 200 5 28.1780056072
spng 398 111 120 200 5 28.1780056072
spng 399 112 121 200 5 28.1780056072
spng 400 113 122 200 5 28.1780056072
spng 401 114 124 200 5 27.7308492477
spng 402 115 125 200 5 27.7308492477
spng 403 116 126 200 5 27.7308492477
spng 404 117 127 200 5 27.7308492477
spng 405 118 128 200 5 27.7308492477
spng 406 120 129 200 5 27.7308492477
spng 407 121 130 200 5 27.7308492477
spng 408 122 131 200 5 27.7308492477
spng 409 123 132 200 5 27.7308492477
spng 410 124 134 200 5 28.1780056072
spng 411 125 135 200 5 28.1780056072
spng 412 126 136 200 5 28.1780056072
spng 413 127 137 200 5 28.1780056072
spng 414 128 138 200 5 28.1780056072
spng 415 130 139 200 5 28.1780056072
spng 416 131 140 200 5 28.1780056072
spng 417 132 141 200 5 28.1780056072
spng 418 133 142 200 5 28.1780056072
spng 419 134 144 200 5 27.7308492477
spng 420 135 145 200 5 27.7308492477
spng 421 136 146 200 5 27.7308492477
spng 422 137 147 200 5 27.7308492477
spng 423 138 148 200 5 27.7308492477
spng 424 140 149 200 5 27.7308492477
spng 425 141 150 200 5 27.7308492477
spng 426 142 151 200 5 27.7308492477
spng 427 143 152 200 5 27.7308492477
spng 428 144 154 200 5 28.1780056072
spng 429 145 155 200 5 28.1780056072
spng 430 146 156 200 5 28.1780056072
spng 431 147 157 200 5 28.1780056072
spng 432 148 158 200 5 28.1780056072
spng 433 150 159 200 5 28.1780056072
spng 434 151 160 200 5 28.1780056072
spng 435 152 161 200 5 28.1780056072
spng 436 153 162 200 5 28.1780056072
spng 437 155 164 200 5 27.7308492477
spng 438 156 165 200 5 27.7308492477
spng 439 157 166 200 5 27.7308492477
spng 440 158 167 200 5 27.7308492477
spng 441 160 168 200 5 27.7308492477
spng 442 161 169 200 5 27.7308492477
spng 443 162 170 200 5 27.7308492477
spng 444 163 171 200 5 27.7308492477
spng 445 165 172 200 5 28.1780056072
spng 446 166 173 200 5 28.1780056072
spng 447 167 174 200 5 28.1780056072
spng 448 169 175 200 5 28.1780056072
spng 449 170 176 200 5 28.1780056072
spng 450 171 177 200 5 28.1780056072
\BARFOO\
else
  echo "will not over write ./lib/xtrimesh.xsp"
fi
if `test ! -s ./lib/zgrid.xsp`
then
echo "writting ./lib/zgrid.xsp"
cat > ./lib/zgrid.xsp << '\BARFOO\'
#1.0 *** XSpringies data file
cmas 0.5
elas 1
kspr 10
kdmp 1
fixm 0
shws 1
cent -1
frce 0 0 10 0
frce 1 0 5 2
frce 2 0 10 0
frce 3 0 10000 1
visc 0
stck 0
step 0.025
prec 1
adpt 0
gsnp 20 0
wall 0 0 0 0
mass 1 21.6397289999999991 470.925049999999999 0 0 -0.5 1
mass 2 51.7114767926999974 470.928617179000014 0 0 0.5 1
mass 3 81.6493568019999998 470.932166499999994 0 0 0.5 1
mass 4 111.587236711000003 470.935713180999983 0 0 0.5 1
mass 5 141.525116857 470.939260927000021 0 0 0.5 1
mass 6 171.462997564000005 470.942813367999975 0 0 0.5 1
mass 7 201.400878933999991 470.946361678000017 0 0 0.5 1
mass 8 231.338760775999987 470.949910769999974 0 0 0.5 1
mass 9 261.276642832999983 470.953460602000007 0 0 0.5 1
mass 10 291.214524632999996 470.957011640000019 0 0 0.5 1
mass 11 321.152405896000005 470.960560846000021 0 0 0.5 1
mass 12 351.090286780999975 470.964106279000021 0 0 0.5 1
mass 13 381.028167673999974 470.967652214999987 0 0 0.5 1
mass 14 410.966048976000025 470.971200958999987 0 0 0.5 1
mass 15 440.903930746000015 470.974754299999972 0 0 0.5 1
mass 16 470.841812817999994 470.978303239000013 0 0 0.5 1
mass 17 500.779694817000006 470.98184831399999 0 0 0.5 1
mass 18 530.717576533000056 470.985395766000011 0 0 0.5 1
mass 19 560.655457967999951 470.988948186000016 0 0 0.5 1
mass 20 590.593339134999951 470.99249377000001 0 0 0.5 1
mass 21 620.441329999999994 470.996030000000019 0 0 -0.5 1
mass 22 590.612388236000015 450.974980411999979 0 0 0.5 1
mass 23 560.682077190999962 430.885888314999988 0 0 0.5 1
mass 24 530.751764813000023 410.796797882000021 0 0 0.5 1
mass 25 500.821453897000026 390.707705633999979 0 0 0.5 1
mass 26 470.891141367999978 370.618616399000018 0 0 0.5 1
mass 27 440.960829363000016 350.529526499999974 0 0 0.5 1
mass 28 411.030517658000008 330.440435921000017 0 0 0.5 1
mass 29 381.100205464999988 310.351345920000028 0 0 0.5 1
mass 30 351.169893334999983 290.262256137999998 0 0 0.5 1
mass 31 321.239581370999986 270.173166493999986 0 0 0.5 1
mass 32 291.309269916999995 250.08407580299999 0 0 0.5 1
mass 33 261.378957625999988 229.994985923999991 0 0 0.5 1
mass 34 231.448645373999994 209.905896057999996 0 0 0.5 1
mass 35 201.518332796999999 189.816807025999992 0 0 0.5 1
mass 36 171.588021282999989 169.727716484000013 0 0 0.5 1
mass 37 141.657710806000011 149.638624472000004 0 0 0.5 1
mass 38 111.727398502 129.549535721000012 0 0 0.5 1
mass 39 81.7970879344999986 109.460445242000006 0 0 0.5 1
mass 40 51.8667762119999978 89.3713573236999963 0 0 0.5 1
mass 41 22.1056729999999995 69.3958370000000002 0 0 -0.5 1
mass 42 51.908168359500003 69.4258904742000027 0 0 0.5 1
mass 43 81.807738432299999 69.4560486290999961 0 0 0.5 1
mass 44 111.707308087000001 69.4862898933999986 0 0 0.5 1
mass 45 141.606877534000006 69.5165405870999962 0 0 0.5 1
mass 46 171.506447355999995 69.5467412728000056 0 0 0.5 1
mass 47 201.40601769700001 69.5768872967999954 0 0 0.5 1
mass 48 231.305588217999997 69.6070154484000057 0 0 0.5 1
mass 49 261.205158476999998 69.6371992801999937 0 0 0.5 1
mass 50 291.104728390999981 69.6673752790999998 0 0 0.5 1
mass 51 321.004298049999989 69.6975857257999962 0 0 0.5 1
mass 52 350.903867736999985 69.7277906350000052 0 0 0.5 1
mass 53 380.80343762199999 69.757970575300007 0 0 0.5 1
mass 54 410.703007572999979 69.7882416023000047 0 0 0.5 1
mass 55 440.602577607000001 69.8185452384000058 0 0 0.5 1
mass 56 470.502147927999999 69.8487116131999954 0 0 0.5 1
mass 57 500.401718463000009 69.8788431843999973 0 0 0.5 1
mass 58 530.301288973000055 69.9091007956999988 0 0 0.5 1
mass 59 560.200859413999979 69.9393967568999955 0 0 0.5 1
mass 60 590.100429727999995 69.9697163517000007 0 0 0.5 1
mass 61 620 70 0 0 -0.5 1
spng 1 1 2 100 1 30.0717480042734344
spng 2 2 3 100 1 29.9378802196969893
spng 3 3 4 100 1 29.9378801190841202
spng 4 4 5 100 1 29.9378803562103002
spng 5 5 6 100 1 29.9378809177670462
spng 6 6 7 100 1 29.9378815802771179
spng 7 7 8 100 1 29.9378820523698224
spng 8 8 9 100 1 29.9378822674575567
spng 9 9 10 100 1 29.9378820106005996
spng 10 10 11 100 1 29.9378814733833529
spng 11 11 12 100 1 29.9378810949362588
spng 12 12 13 100 1 29.9378811029958598
spng 13 13 14 100 1 29.9378815123286266
spng 14 14 15 100 1 29.9378819808738292
spng 15 15 16 100 1 29.9378822823516657
spng 16 16 17 100 1 29.9378822088938961
spng 17 17 18 100 1 29.9378819261755034
spng 18 18 19 100 1 29.9378816457644383
spng 19 19 20 100 1 29.9378813769541701
spng 20 20 21 100 1 29.8479910744768304
spng 21 21 22 100 1 35.9250357461931884
spng 22 22 23 100 1 36.0471238871036661
spng 23 23 24 100 1 36.0471240665591424
spng 24 24 25 100 1 36.0471238641459948
spng 25 25 26 100 1 36.0471235242898231
spng 26 26 27 100 1 36.0471234592546992
spng 27 27 28 100 1 36.0471235891260164
spng 28 28 29 100 1 36.0471236721978059
spng 29 29 30 100 1 36.0471234978393724
spng 30 30 31 100 1 36.0471232831002695
spng 31 31 32 100 1 36.0471234431357317
spng 32 32 33 100 1 36.047123685577553
spng 33 33 34 100 1 36.0471236459505135
spng 34 34 35 100 1 36.0471234510126592
spng 35 35 36 100 1 36.0471234099165585
spng 36 36 37 100 1 36.047123368116587
spng 37 37 38 100 1 36.0471230677363366
spng 38 38 39 100 1 36.047122588917567
spng 39 39 40 100 1 36.0471221208463248
spng 40 40 41 100 1 35.8433351768200836
spng 41 41 42 100 1 29.8025105127794703
spng 42 42 43 100 1 29.8995852822841677
spng 43 43 44 100 1 29.8995849481280231
spng 44 44 45 100 1 29.8995847499667704
spng 45 45 46 100 1 29.8995850744131424
spng 46 46 47 100 1 29.8995855382507045
spng 47 47 48 100 1 29.8995857002362193
spng 48 48 49 100 1 29.8995854943940564
spng 49 49 50 100 1 29.8995851414878757
spng 50 50 51 100 1 29.8995849212741369
spng 51 51 52 100 1 29.8995849436795496
spng 52 52 53 100 1 29.8995851164660102
spng 53 53 54 100 1 29.8995852745454833
spng 54 54 55 100 1 29.8995853905774567
spng 55 55 56 100 1 29.8995855387761615
spng 56 56 57 100 1 29.8995857176821715
spng 57 57 58 100 1 29.8995858199658997
spng 58 58 59 100 1 29.8995857897995201
spng 59 59 60 100 1 29.8995856867559269
spng 60 60 61 100 1 29.8995856083260954
spng 61 2 22 50 1 539.270191995301161
spng 62 3 23 50 1 480.70370458293354
spng 63 4 24 50 1 423.456716503957068
spng 64 5 25 50 1 368.145297776699863
spng 65 6 26 50 1 315.788153355035831
spng 66 7 27 50 1 268.121584442264862
spng 67 8 28 50 1 228.105326578932733
spng 68 9 29 50 1 200.37645920156163
spng 69 10 30 50 1 190.381829233045039
spng 70 11 31 50 1 200.787413276402901
spng 71 12 32 50 1 228.826916774169177
spng 72 33 13 50 1 269.04230032562549
spng 73 14 34 50 1 316.830540855921072
spng 74 35 15 50 1 369.263125454911403
spng 75 16 36 50 1 424.623065516117492
spng 76 37 17 50 1 481.902549183096369
spng 77 38 18 50 1 540.491642683879036
spng 78 39 19 50 1 600.006830787842091
spng 79 20 40 50 1 660.197698709556676
spng 80 22 42 50 1 660.137822386440689
spng 81 23 43 50 1 599.960133122991351
spng 82 24 44 50 1 540.454549038330015
spng 83 25 45 50 1 481.870186228443174
spng 84 26 46 50 1 424.588587930322262
spng 85 27 47 50 1 369.216593976457375
spng 86 28 48 50 1 316.757199598760678
spng 87 29 49 50 1 268.920290578420065
spng 88 30 50 50 1 228.626169763879432
spng 89 31 51 50 1 200.475718835444553
spng 90 32 52 50 1 189.947112873369264
spng 91 53 33 50 1 199.845208874705122
spng 92 54 34 50 1 227.519413364084642
spng 93 55 35 50 1 267.508614718130843
spng 94 56 36 50 1 315.159436986939056
spng 95 57 37 50 1 367.50358602447875
spng 96 58 38 50 1 422.801470269567176
spng 97 59 39 50 1 480.033417419215994
spng 98 60 40 50 1 538.583224255627897
\BARFOO\
else
  echo "will not over write ./lib/zgrid.xsp"
fi
if `test ! -s ./lib/zharp.xsp`
then
echo "writting ./lib/zharp.xsp"
cat > ./lib/zharp.xsp << '\BARFOO\'
#1.0 *** XSpringies data file
cmas 0.5
elas 1
kspr 50
kdmp 1
fixm 4
shws 1
cent -1
frce 0 0 10 0
frce 1 0 5 2
frce 2 0 10 0
frce 3 0 10000 1
visc 0
stck 0
step 0.025
prec 1
adpt 0
gsnp 20 0
wall 0 0 0 0
mass 1 21.639729 470.92505 13.392069 -44.74031 -0.5 1
mass 2 51.711478 470.92861 -7.7083843e-13 5.2037036e-13 0.5 1
mass 3 81.64936 470.93216 -7.6106069e-13 9.7156192e-12 0.5 1
mass 4 111.58724 470.93571 -8.7373285e-13 -3.9373629e-13 0.5 1
mass 5 141.52512 470.93926 -1.4240835e-12 4.8611623e-13 0.5 1
mass 6 171.463 470.9428 -1.7837347e-12 -1.6311004e-12 0.5 1
mass 7 201.40089 470.94635 -4.0943029e-13 -3.8606168e-12 0.5 1
mass 8 231.33877 470.9499 1.363033e-13 -2.4046798e-12 0.5 1
mass 9 261.27665 470.95345 4.8969021e-13 3.7918437e-12 0.5 1
mass 10 291.21453 470.957 2.1144444e-13 -2.3854892e-12 0.5 1
mass 11 321.15241 470.96055 -9.0744505e-13 -1.5906151e-13 0.5 1
mass 12 351.09029 470.9641 -1.0754498e-12 -2.5896816e-12 0.5 1
mass 13 381.02817 470.96765 -1.1441579e-12 8.9774278e-12 0.5 1
mass 14 410.96606 470.9712 1.4556016e-13 1.4514479e-12 0.5 1
mass 15 440.90394 470.97474 1.1506149e-12 -8.4449778e-12 0.5 1
mass 16 470.84182 470.97829 -2.3367803e-13 6.1827536e-13 0.5 1
mass 17 500.7797 470.98184 8.3250403e-13 1.8155052e-12 0.5 1
mass 18 530.71758 470.98539 2.0319798e-12 -1.0443703e-12 0.5 1
mass 19 560.65546 470.98894 1.1376887e-12 -1.8735874e-12 0.5 1
mass 20 590.59334 470.99249 -2.2385743e-12 6.9361423e-12 0.5 1
mass 21 620.44133 470.99603 8.9880047 8.5159468 -0.5 1
mass 22 590.77273 453.21806 38.813254 -75.007712 0.5 1
mass 23 561.71769 434.91993 77.586645 -144.73299 0.5 1
mass 24 533.99648 415.74062 115.06045 -203.25444 0.5 1
mass 25 507.98995 395.33699 148.10066 -245.92985 0.5 1
mass 26 483.63466 373.63882 171.03528 -269.91454 0.5 1
mass 27 460.33154 350.80567 177.73718 -274.2825 0.5 1
mass 28 437.11293 327.09344 165.08386 -260.42795 0.5 1
mass 29 412.87161 302.99126 135.43052 -232.25456 0.5 1
mass 30 386.59273 279.35917 95.468111 -193.95025 0.5 1
mass 31 357.62516 257.2676 53.887391 -149.6312 0.5 1
mass 32 325.8534 237.61359 17.103701 -102.27564 0.5 1
mass 33 291.82376 220.53306 -10.705008 -56.570379 0.5 1
mass 34 256.55658 205.11247 -27.109851 -21.686513 0.5 1
mass 35 221.17224 189.64133 -32.516202 -5.4992058 0.5 1
mass 36 186.56205 172.43088 -26.942607 -9.2066618 0.5 1
mass 37 153.08674 152.88905 -13.089972 -22.647851 0.5 1
mass 38 120.5387 131.68873 1.7654496 -33.444678 0.5 1
mass 39 88.193216 110.17993 9.5134966 -33.679048 0.5 1
mass 40 55.36063 89.350776 7.8325801 -21.474131 0.5 1
mass 41 22.105673 69.395837 -9.6851415 -22.137054 -0.5 1
mass 42 51.908168 69.425952 -6.7156897e-11 1.12993e-08 0.5 1
mass 43 81.807738 69.456165 -6.3777058e-11 1.1138385e-08 0.5 1
mass 44 111.70731 69.486378 -4.0981399e-11 1.3369637e-08 0.5 1
mass 45 141.60688 69.516591 3.1682053e-11 5.7626906e-09 0.5 1
mass 46 171.50645 69.546804 7.4571948e-11 -2.5371857e-09 0.5 1
mass 47 201.40602 69.577017 4.6878955e-11 -2.0971638e-09 0.5 1
mass 48 231.30559 69.60723 2.114251e-12 1.5266586e-09 0.5 1
mass 49 261.20516 69.637443 -7.1452348e-12 7.2017851e-10 0.5 1
mass 50 291.10473 69.667656 1.0152752e-11 -4.3573117e-09 0.5 1
mass 51 321.0043 69.697869 2.0877334e-11 -5.4937515e-09 0.5 1
mass 52 350.90387 69.728082 2.981324e-11 -1.0462326e-08 0.5 1
mass 53 380.80344 69.758295 2.8034495e-11 -1.321963e-08 0.5 1
mass 54 410.70301 69.788508 -2.3741179e-12 3.313303e-09 0.5 1
mass 55 440.60258 69.818722 -2.8968274e-11 1.1645608e-08 0.5 1
mass 56 470.50215 69.848935 -1.9409564e-11 -3.4326043e-09 0.5 1
mass 57 500.40172 69.879148 8.0619392e-12 -8.0505231e-09 0.5 1
mass 58 530.30129 69.909361 4.0425885e-11 -6.8537353e-09 0.5 1
mass 59 560.20086 69.939574 5.9940813e-11 -3.9194851e-09 0.5 1
mass 60 590.10043 69.969787 4.0578213e-11 6.2152787e-10 0.5 1
mass 61 620 70 -1.4489569e-17 0 -0.5 1
spng 1 1 2 100 1 8
spng 2 2 3 100 1 8
spng 3 3 4 100 1 8
spng 4 4 5 100 1 8
spng 5 5 6 100 1 8
spng 6 6 7 100 1 8
spng 7 7 8 100 1 8
spng 8 8 9 100 1 8
spng 9 9 10 100 1 8
spng 10 10 11 100 1 8
spng 11 11 12 100 1 8
spng 12 12 13 100 1 8
spng 13 13 14 100 1 8
spng 14 14 15 100 1 8
spng 15 15 16 100 1 8
spng 16 16 17 100 1 8
spng 17 17 18 100 1 8
spng 18 18 19 100 1 8
spng 19 19 20 100 1 8
spng 20 20 21 100 1 8
spng 21 21 22 100 1 8
spng 22 22 23 100 1 8
spng 23 23 24 100 1 8
spng 24 24 25 100 1 8
spng 25 25 26 100 1 8
spng 26 26 27 100 1 8
spng 27 27 28 100 1 8
spng 28 28 29 100 1 8
spng 29 29 30 100 1 8
spng 30 30 31 100 1 8
spng 31 31 32 100 1 8
spng 32 32 33 100 1 8
spng 33 33 34 100 1 8
spng 34 34 35 100 1 8
spng 35 35 36 100 1 8
spng 36 36 37 100 1 8
spng 37 37 38 100 1 8
spng 38 38 39 100 1 8
spng 39 39 40 100 1 8
spng 40 40 41 100 1 8
spng 41 41 42 100 1 8
spng 42 42 43 100 1 8
spng 43 43 44 100 1 8
spng 44 44 45 100 1 8
spng 45 45 46 100 1 8
spng 46 46 47 100 1 8
spng 47 47 48 100 1 8
spng 48 48 49 100 1 8
spng 49 49 50 100 1 8
spng 50 50 51 100 1 8
spng 51 51 52 100 1 8
spng 52 52 53 100 1 8
spng 53 53 54 100 1 8
spng 54 54 55 100 1 8
spng 55 55 56 100 1 8
spng 56 56 57 100 1 8
spng 57 57 58 100 1 8
spng 58 58 59 100 1 8
spng 59 59 60 100 1 8
spng 60 60 61 100 1 8
spng 61 20 18 100 1 60
spng 62 20 22 50 1 17
spng 63 19 23 50 1 36.013886
spng 64 18 24 50 1 55.081757
spng 65 25 17 50 1 75.325958
spng 66 16 26 50 1 97.867257
spng 67 15 27 50 1 121.65525
spng 68 28 14 50 1 145.52663
spng 69 13 29 50 1 170.83618
spng 70 30 12 50 1 194.18033
spng 71 11 31 50 1 216.02083
spng 72 32 10 50 1 235.46762
spng 73 9 33 50 1 251.79357
spng 74 34 8 50 1 266.17663
spng 75 7 35 50 1 281.71084
spng 76 36 6 50 1 298.37728
spng 77 5 37 50 1 318.22633
spng 78 38 4 50 1 339.11945
spng 79 3 39 50 1 360.06805
spng 80 40 2 50 1 381.021
spng 81 42 40 50 1 20.396078
spng 82 39 43 50 1 41.593269
spng 83 44 38 50 1 62.64982
spng 84 37 45 50 1 83.862983
spng 85 46 36 50 1 104.0865
spng 86 35 47 50 1 121.65525
spng 87 34 48 50 1 138.2787
spng 88 33 49 50 1 153.95129
spng 89 32 50 50 1 171.40595
spng 90 31 51 50 1 191.41578
spng 91 30 52 50 1 213.06337
spng 92 29 53 50 1 235.18716
spng 93 28 54 50 1 259.40894
spng 94 27 55 50 1 281.71084
spng 95 26 56 50 1 304.27783
spng 96 25 57 50 1 326.07514
spng 97 24 58 50 1 346.01301
spng 98 23 59 50 1 365.00137
spng 99 22 60 50 1 384
\BARFOO\
else
  echo "will not over write ./lib/zharp.xsp"
fi
if `test ! -s ./lib/zharp2.xsp`
then
echo "writting ./lib/zharp2.xsp"
cat > ./lib/zharp2.xsp << '\BARFOO\'
#1.0 *** XSpringies data file
cmas 0.5
elas 1
kspr 50
kdmp 1
fixm 1
shws 1
cent -1
frce 0 0 10 0
frce 1 0 5 2
frce 2 0 10 0
frce 3 0 10000 1
visc 0
stck 0
step 0.025
prec 1
adpt 0
gsnp 20 0
wall 0 0 0 0
mass 1 21.639729 470.92505 13.392069 -44.74031 -0.5 1
mass 2 51.711478 470.92861 -7.7083843e-13 5.2037036e-13 0.5 1
mass 3 81.64936 470.93216 -7.6106069e-13 9.7156192e-12 0.5 1
mass 4 111.58724 470.93571 -8.7373285e-13 -3.9373629e-13 0.5 1
mass 5 141.52512 470.93926 -1.4240835e-12 4.8611623e-13 0.5 1
mass 6 171.463 470.9428 -1.7837347e-12 -1.6311004e-12 0.5 1
mass 7 201.40089 470.94635 -4.0943029e-13 -3.8606168e-12 0.5 1
mass 8 231.33877 470.9499 1.363033e-13 -2.4046798e-12 0.5 1
mass 9 261.27665 470.95345 4.8969021e-13 3.7918437e-12 0.5 1
mass 10 291.21453 470.957 2.1144444e-13 -2.3854892e-12 0.5 1
mass 11 321.15241 470.96055 -9.0744505e-13 -1.5906151e-13 0.5 1
mass 12 351.09029 470.9641 -1.0754498e-12 -2.5896816e-12 0.5 1
mass 13 381.02817 470.96765 -1.1441579e-12 8.9774278e-12 0.5 1
mass 14 410.96606 470.9712 1.4556016e-13 1.4514479e-12 0.5 1
mass 15 440.90394 470.97474 1.1506149e-12 -8.4449778e-12 0.5 1
mass 16 470.84182 470.97829 -2.3367803e-13 6.1827536e-13 0.5 1
mass 17 500.7797 470.98184 8.3250403e-13 1.8155052e-12 0.5 1
mass 18 530.71758 470.98539 2.0319798e-12 -1.0443703e-12 0.5 1
mass 19 560.65546 470.98894 1.1376887e-12 -1.8735874e-12 0.5 1
mass 20 590.59334 470.99249 -2.2385743e-12 6.9361423e-12 0.5 1
mass 21 620.44133 470.99603 8.9880047 8.5159468 -0.5 1
mass 22 590.77273 453.21806 38.813254 -75.007712 0.5 1
mass 23 561.71769 434.91993 77.586645 -144.73299 0.5 1
mass 24 533.99648 415.74062 115.06045 -203.25444 0.5 1
mass 25 507.98995 395.33699 148.10066 -245.92985 0.5 1
mass 26 483.63466 373.63882 171.03528 -269.91454 0.5 1
mass 27 460.33154 350.80567 177.73718 -274.2825 0.5 1
mass 28 437.11293 327.09344 165.08386 -260.42795 0.5 1
mass 29 412.87161 302.99126 135.43052 -232.25456 0.5 1
mass 30 386.59273 279.35917 95.468111 -193.95025 0.5 1
mass 31 357.62516 257.2676 53.887391 -149.6312 0.5 1
mass 32 325.8534 237.61359 17.103701 -102.27564 0.5 1
mass 33 291.82376 220.53306 -10.705008 -56.570379 0.5 1
mass 34 256.55658 205.11247 -27.109851 -21.686513 0.5 1
mass 35 221.17224 189.64133 -32.516202 -5.4992058 0.5 1
mass 36 186.56205 172.43088 -26.942607 -9.2066618 0.5 1
mass 37 153.08674 152.88905 -13.089972 -22.647851 0.5 1
mass 38 120.5387 131.68873 1.7654496 -33.444678 0.5 1
mass 39 88.193216 110.17993 9.5134966 -33.679048 0.5 1
mass 40 55.36063 89.350776 7.8325801 -21.474131 0.5 1
mass 41 22.105673 69.395837 -9.6851415 -22.137054 -0.5 1
mass 42 51.908168 69.425952 -6.7156897e-11 1.12993e-08 0.5 1
mass 43 81.807738 69.456165 -6.3777058e-11 1.1138385e-08 0.5 1
mass 44 111.70731 69.486378 -4.0981399e-11 1.3369637e-08 0.5 1
mass 45 141.60688 69.516591 3.1682053e-11 5.7626906e-09 0.5 1
mass 46 171.50645 69.546804 7.4571948e-11 -2.5371857e-09 0.5 1
mass 47 201.40602 69.577017 4.6878955e-11 -2.0971638e-09 0.5 1
mass 48 231.30559 69.60723 2.114251e-12 1.5266586e-09 0.5 1
mass 49 261.20516 69.637443 -7.1452348e-12 7.2017851e-10 0.5 1
mass 50 291.10473 69.667656 1.0152752e-11 -4.3573117e-09 0.5 1
mass 51 321.0043 69.697869 2.0877334e-11 -5.4937515e-09 0.5 1
mass 52 350.90387 69.728082 2.981324e-11 -1.0462326e-08 0.5 1
mass 53 380.80344 69.758295 2.8034495e-11 -1.321963e-08 0.5 1
mass 54 410.70301 69.788508 -2.3741179e-12 3.313303e-09 0.5 1
mass 55 440.60258 69.818722 -2.8968274e-11 1.1645608e-08 0.5 1
mass 56 470.50215 69.848935 -1.9409564e-11 -3.4326043e-09 0.5 1
mass 57 500.40172 69.879148 8.0619392e-12 -8.0505231e-09 0.5 1
mass 58 530.30129 69.909361 4.0425885e-11 -6.8537353e-09 0.5 1
mass 59 560.20086 69.939574 5.9940813e-11 -3.9194851e-09 0.5 1
mass 60 590.10043 69.969787 4.0578213e-11 6.2152787e-10 0.5 1
mass 61 620 70 -1.4489569e-17 0 -0.5 1
spng 1 1 2 100 1 8
spng 2 2 3 100 1 8
spng 3 3 4 100 1 8
spng 4 4 5 100 1 8
spng 5 5 6 100 1 8
spng 6 6 7 100 1 8
spng 7 7 8 100 1 8
spng 8 8 9 100 1 8
spng 9 9 10 100 1 8
spng 10 10 11 100 1 8
spng 11 11 12 100 1 8
spng 12 12 13 100 1 8
spng 13 13 14 100 1 8
spng 14 14 15 100 1 8
spng 15 15 16 100 1 8
spng 16 16 17 100 1 8
spng 17 17 18 100 1 8
spng 18 18 19 100 1 8
spng 19 19 20 100 1 8
spng 20 20 21 100 1 8
spng 21 21 22 100 1 8
spng 22 22 23 100 1 8
spng 23 23 24 100 1 8
spng 24 24 25 100 1 8
spng 25 25 26 100 1 8
spng 26 26 27 100 1 8
spng 27 27 28 100 1 8
spng 28 28 29 100 1 8
spng 29 29 30 100 1 8
spng 30 30 31 100 1 8
spng 31 31 32 100 1 8
spng 32 32 33 100 1 8
spng 33 33 34 100 1 8
spng 34 34 35 100 1 8
spng 35 35 36 100 1 8
spng 36 36 37 100 1 8
spng 37 37 38 100 1 8
spng 38 38 39 100 1 8
spng 39 39 40 100 1 8
spng 40 40 41 100 1 8
spng 41 41 42 100 1 8
spng 42 42 43 100 1 8
spng 43 43 44 100 1 8
spng 44 44 45 100 1 8
spng 45 45 46 100 1 8
spng 46 46 47 100 1 8
spng 47 47 48 100 1 8
spng 48 48 49 100 1 8
spng 49 49 50 100 1 8
spng 50 50 51 100 1 8
spng 51 51 52 100 1 8
spng 52 52 53 100 1 8
spng 53 53 54 100 1 8
spng 54 54 55 100 1 8
spng 55 55 56 100 1 8
spng 56 56 57 100 1 8
spng 57 57 58 100 1 8
spng 58 58 59 100 1 8
spng 59 59 60 100 1 8
spng 60 60 61 100 1 8
spng 61 20 18 100 1 60
spng 62 20 22 50 1 17
spng 63 19 23 50 1 36.013886
spng 64 18 24 50 1 55.081757
spng 65 25 17 50 1 75.325958
spng 66 16 26 50 1 97.867257
spng 67 15 27 50 1 121.65525
spng 68 28 14 50 1 145.52663
spng 69 13 29 50 1 170.83618
spng 70 30 12 50 1 194.18033
spng 71 11 31 50 1 216.02083
spng 72 32 10 50 1 235.46762
spng 73 9 33 50 1 251.79357
spng 74 34 8 50 1 266.17663
spng 75 7 35 50 1 281.71084
spng 76 36 6 50 1 298.37728
spng 77 5 37 50 1 318.22633
spng 78 38 4 50 1 339.11945
spng 79 3 39 50 1 360.06805
spng 80 40 2 50 1 381.021
spng 81 42 40 50 1 20.396078
spng 82 39 43 50 1 41.593269
spng 83 44 38 50 1 62.64982
spng 84 37 45 50 1 83.862983
spng 85 46 36 50 1 104.0865
spng 86 35 47 50 1 121.65525
spng 87 34 48 50 1 138.2787
spng 88 33 49 50 1 153.95129
spng 89 32 50 50 1 171.40595
spng 90 31 51 50 1 191.41578
spng 91 30 52 50 1 213.06337
spng 92 29 53 50 1 235.18716
spng 93 28 54 50 1 259.40894
spng 94 27 55 50 1 281.71084
spng 95 26 56 50 1 304.27783
spng 96 25 57 50 1 326.07514
spng 97 24 58 50 1 346.01301
spng 98 23 59 50 1 365.00137
spng 99 22 60 50 1 384
spng 100 40 43 50 1 32.802439
spng 101 42 39 50 1 55.226805
spng 102 39 44 50 1 47.010637
spng 103 38 43 50 1 73.24616
spng 104 38 45 50 1 65.459911
spng 105 37 44 50 1 93.021503
spng 106 37 46 50 1 84.929382
spng 107 45 36 50 1 112.40107
spng 108 36 47 50 1 104.0865
spng 109 35 46 50 1 130
spng 110 35 48 50 1 120.41595
spng 111 34 47 50 1 146.70037
spng 112 34 49 50 1 136.09188
spng 113 33 48 50 1 162.48385
spng 114 33 50 50 1 151
spng 115 32 49 50 1 179.77764
spng 116 32 51 50 1 168.04761
spng 117 31 50 50 1 199.24859
spng 118 31 52 50 1 188.13027
spng 119 51 30 50 1 219.82948
spng 120 30 53 50 1 210.0857
spng 121 52 29 50 1 241.10786
spng 122 29 54 50 1 233.00858
spng 123 53 28 50 1 264.2215
spng 124 28 55 50 1 258.01744
spng 125 54 27 50 1 285.41373
spng 126 27 56 50 1 281.17788
spng 127 55 26 50 1 307.02606
spng 128 26 57 50 1 304.47496
spng 129 56 25 50 1 328.09297
spng 130 25 58 50 1 326.81034
spng 131 57 24 50 1 347.57014
spng 132 24 59 50 1 347.05187
spng 133 58 23 50 1 366.31407
spng 134 23 60 50 1 366.15024
spng 135 59 22 50 1 385.17009
spng 136 22 61 50 1 385.17009
spng 137 19 22 50 1 34.481879
spng 138 20 23 50 1 46.227697
spng 139 18 23 50 1 47.507894
spng 140 19 24 50 1 61.269895
spng 141 17 24 50 1 64.140471
spng 142 18 25 50 1 78.447435
spng 143 25 16 50 1 83.630138
spng 144 17 26 50 1 98.478424
spng 145 26 15 50 1 106.10372
spng 146 15 28 50 1 143.03147
spng 147 28 13 50 1 153.57409
spng 148 13 30 50 1 191.06543
spng 149 30 11 50 1 201.75728
spng 150 31 12 50 1 213.08449
spng 151 12 29 50 1 178.73164
spng 152 29 14 50 1 168.0119
spng 153 14 27 50 1 130
spng 154 27 16 50 1 120.41595
spng 155 10 31 50 1 222.99103
spng 156 32 11 50 1 233.03433
spng 157 9 32 50 1 241.62988
spng 158 33 10 50 1 250
spng 159 8 33 50 1 257.0992
spng 160 34 9 50 1 265.04717
spng 161 8 35 50 1 281.17788
spng 162 35 6 50 1 285.41373
spng 163 6 37 50 1 318.50903
spng 164 37 4 50 1 320.76159
spng 165 4 39 50 1 360.73397
spng 166 39 2 50 1 361.89639
spng 167 2 41 50 1 402.04726
spng 168 40 3 50 1 381.88611
spng 169 3 38 50 1 341.23599
spng 170 38 5 50 1 339.64982
spng 171 5 36 50 1 301.3785
spng 172 36 7 50 1 298.37728
spng 173 7 34 50 1 270.64737
spng 174 60 21 50 1 402.12063
spng 175 40 1 50 1 382.51405
\BARFOO\
else
  echo "will not over write ./lib/zharp2.xsp"
fi
echo "Finished archive 5 of 16"
exit

exit 0 # Just in case...
-- 
  // chris@IMD.Sterling.COM            | Send comp.sources.x submissions to:
\X/  Amiga - The only way to fly!      |
 "It's intuitively obvious to the most |    sources-x@imd.sterling.com
  casual observer..."                  |
