Newsgroups: comp.sources.x
From: dmd@gradient.cis.upenn.edu (Douglas DeCarlo)
Subject: v19i060:  xspringies - it's a spring simulator...no, it's a game, Part08/16
Message-ID: <1993Mar26.161306.9995@sparky.imd.sterling.com>
X-Md4-Signature: 1d3ffcfa0e9bfef780961cce80caa8dc
Date: Fri, 26 Mar 1993 16:13:06 GMT
Approved: chris@sparky.imd.sterling.com

Submitted-by: dmd@gradient.cis.upenn.edu (Douglas DeCarlo)
Posting-number: Volume 19, Issue 60
Archive-name: xspringies/part08
Environment: X11
Supersedes: xspringies: Volume 14, Issue 25-30

#!/bin/sh
# to extract, remove the header and type "sh filename"
if `test ! -d ./lib`
then
  mkdir ./lib
  echo "mkdir ./lib"
fi
if `test ! -s ./lib/psycho.xsp`
then
echo "writting ./lib/psycho.xsp"
cat > ./lib/psycho.xsp << '\BARFOO\'
#1.0 *** XSpringies data file
cmas 1.0
elas 1.0
kspr 1.0
kdmp 1.0
fixm 4
shws 1
cent -1
frce 0 0 10.0 0.0
frce 1 1 5.0 2.0
frce 2 0 10.0 0.0
frce 3 0 10000.0 1.0
visc 0.0
stck 0.0
step 0.150000
prec 1.0
adpt 0
gsnp 20.0 0
wall 0 0 0 0
mass 1 284.991822 33.440112 -2.652160 38.436310 1.0 1.0
mass 2 272.357256 99.901422 -37.208838 31.955037 10.0 1.0
mass 3 392.767212 354.028189 35.042693 17.976519 10.0 1.0
mass 4 425.0 261.0 0.0 0.0 -1.0 1.0
spng 1 1 2 100.0 1.0 67.475922
spng 2 3 4 100.0 1.0 96.041658
\BARFOO\
else
  echo "will not over write ./lib/psycho.xsp"
fi
if `test ! -s ./lib/serp.xsp`
then
echo "writting ./lib/serp.xsp"
cat > ./lib/serp.xsp << '\BARFOO\'
#1.0 *** XSpringies data file
cmas 0.010000
elas 1.0
kspr 100.0
kdmp 5.600000
fixm 0
shws 1
cent -1
frce 0 1 50.0 0.0
frce 1 0 5.0 2.0
frce 2 1 120.0 0.0
frce 3 0 10000.0 1.0
visc 0.0
stck 0.0
step 0.046347
prec 1.0
adpt 0
gsnp 18.0 0
wall 0 0 0 0
mass 1 298.645800 381.047998 75.010436 -22.375354 -0.010000 1.0
mass 2 299.938045 362.155202 2.682601 0.130771 1.0 1.0
mass 3 304.237660 344.523948 4.611151 0.497193 1.0 1.0
mass 4 304.248281 326.586921 6.101162 0.351598 1.0 1.0
mass 5 303.919500 308.289250 4.264895 0.281946 1.0 1.0
mass 6 301.714743 290.296736 2.170281 0.514004 1.0 1.0
mass 7 293.372724 273.913178 -0.441274 1.625115 1.0 1.0
mass 8 287.965481 256.521736 -1.604412 2.009808 1.0 1.0
mass 9 287.545315 237.957640 -2.777424 1.914270 1.0 1.0
mass 10 292.753420 219.609313 -3.587352 1.562097 1.0 1.0
mass 11 304.638093 204.391547 -3.960330 1.214064 1.0 1.0
mass 12 321.856789 195.248702 -4.152558 0.784247 1.0 1.0
mass 13 341.456521 194.166666 -4.177155 0.368857 1.0 1.0
mass 14 359.570471 201.877754 -4.022730 -0.056271 1.0 1.0
mass 15 372.492730 216.670434 -3.627684 -0.438885 1.0 1.0
mass 16 377.759317 235.691871 -3.033551 -0.625967 1.0 1.0
mass 17 375.145533 254.341124 -2.409772 -0.538146 1.0 1.0
mass 18 365.364031 271.131333 -1.894722 -0.204562 1.0 1.0
mass 19 350.425331 282.929686 -1.655200 0.187465 1.0 1.0
mass 20 332.441303 288.806523 -1.643985 0.437216 1.0 1.0
mass 21 313.714163 288.608177 -1.715741 0.443918 1.0 1.0
mass 22 295.692835 282.720128 -1.687981 0.165616 1.0 1.0
mass 23 280.793663 272.198451 -1.482793 -0.155377 1.0 1.0
mass 24 269.328478 256.793082 -1.127312 -0.425773 1.0 1.0
mass 25 264.197096 238.315730 -0.712220 -0.528908 1.0 1.0
mass 26 266.586031 219.067668 -0.328644 -0.466140 1.0 1.0
mass 27 293.301596 191.587489 0.106192 -0.006293 1.0 1.0
mass 28 276.862335 202.432647 -0.041888 -0.267319 1.0 1.0
mass 29 312.998703 189.474083 0.109413 0.243802 1.0 1.0
mass 30 331.540138 196.286769 0.020343 0.402176 1.0 1.0
mass 31 345.225117 210.422408 -0.079514 0.454586 1.0 1.0
mass 32 350.461273 229.438250 -0.109749 0.427254 1.0 1.0
mass 33 350.196031 248.022892 -0.023645 0.401284 1.0 1.0
mass 34 341.355222 265.145559 0.085801 0.443240 1.0 1.0
mass 35 324.003275 272.732902 0.194369 0.602135 10.0 1.0
spng 1 1 2 300.0 5.600000 18.0
spng 2 3 2 300.0 5.600000 18.0
spng 3 3 4 300.0 5.600000 18.0
spng 4 4 5 300.0 5.600000 18.0
spng 5 5 6 300.0 5.600000 18.0
spng 6 6 7 300.0 5.600000 18.0
spng 7 7 8 300.0 5.600000 18.0
spng 8 8 9 300.0 5.600000 18.0
spng 9 9 10 300.0 5.600000 18.0
spng 10 10 11 300.0 5.600000 18.0
spng 11 11 12 300.0 5.600000 18.0
spng 12 12 13 300.0 5.600000 18.0
spng 13 13 14 300.0 5.600000 18.0
spng 14 14 15 300.0 5.600000 18.0
spng 15 15 16 300.0 5.600000 18.0
spng 16 16 17 300.0 5.600000 18.0
spng 17 17 18 300.0 5.600000 18.0
spng 18 18 19 300.0 5.600000 18.0
spng 19 19 20 300.0 5.600000 18.0
spng 20 20 21 300.0 5.600000 18.0
spng 21 21 22 300.0 5.600000 18.0
spng 22 22 23 300.0 5.600000 18.0
spng 23 23 24 300.0 5.600000 18.0
spng 24 24 25 300.0 5.600000 18.0
spng 25 25 26 300.0 5.600000 18.0
spng 26 26 28 300.0 5.600000 18.0
spng 27 28 27 300.0 5.600000 18.0
spng 28 27 29 300.0 5.600000 18.0
spng 29 29 30 300.0 5.600000 18.0
spng 30 30 31 300.0 5.600000 18.0
spng 31 31 32 300.0 5.600000 18.0
spng 32 32 33 300.0 5.600000 18.0
spng 33 33 34 300.0 5.600000 18.0
spng 34 34 35 300.0 5.600000 18.0
spng 35 1 3 300.0 5.600000 36.0
spng 36 2 4 300.0 5.600000 36.0
spng 37 3 5 300.0 5.600000 36.0
spng 38 4 6 300.0 5.600000 36.0
spng 39 5 7 300.0 5.600000 36.0
spng 40 6 8 300.0 5.600000 36.0
spng 41 7 9 300.0 5.600000 36.0
spng 42 8 10 300.0 5.600000 36.0
spng 43 9 11 300.0 5.600000 36.0
spng 44 10 12 300.0 5.600000 36.0
spng 45 11 13 300.0 5.600000 36.0
spng 46 12 14 300.0 5.600000 36.0
spng 47 13 15 300.0 5.600000 36.0
spng 48 14 16 300.0 5.600000 36.0
spng 49 15 17 300.0 5.600000 36.0
spng 50 16 18 300.0 5.600000 36.0
spng 51 17 19 300.0 5.600000 36.0
spng 52 18 20 300.0 5.600000 36.0
spng 53 19 21 300.0 5.600000 36.0
spng 54 20 22 300.0 5.600000 36.0
spng 55 21 23 300.0 5.600000 36.0
spng 56 22 24 300.0 5.600000 36.0
spng 57 23 25 300.0 5.600000 36.0
spng 58 24 26 300.0 5.600000 36.0
spng 59 25 28 300.0 5.600000 36.0
spng 60 26 27 300.0 5.600000 36.0
spng 61 28 29 300.0 5.600000 36.0
spng 62 27 30 300.0 5.600000 36.0
spng 63 29 31 300.0 5.600000 36.0
spng 64 30 32 300.0 5.600000 36.0
spng 65 31 33 300.0 5.600000 36.0
spng 66 32 34 300.0 5.600000 36.0
spng 67 33 35 300.0 5.600000 36.0
spng 68 1 4 300.0 5.600000 53.0
spng 69 2 5 300.0 5.600000 54.0
spng 70 3 6 300.0 5.600000 54.0
spng 71 4 7 300.0 5.600000 54.0
spng 72 5 8 300.0 5.600000 54.0
spng 73 6 9 300.0 5.600000 54.0
spng 74 7 10 300.0 5.600000 54.0
spng 75 8 11 300.0 5.600000 54.0
spng 76 9 12 300.0 5.600000 54.0
spng 77 10 13 300.0 5.600000 54.0
spng 78 11 14 300.0 5.600000 54.0
spng 79 12 15 300.0 5.600000 54.0
spng 80 13 16 300.0 5.600000 54.0
spng 81 14 17 300.0 5.600000 54.0
spng 82 15 18 300.0 5.600000 54.0
spng 83 16 19 300.0 5.600000 54.0
spng 84 17 20 300.0 5.600000 54.0
spng 85 18 21 300.0 5.600000 54.0
spng 86 19 22 300.0 5.600000 54.0
spng 87 20 23 300.0 5.600000 54.0
spng 88 21 24 300.0 5.600000 54.0
spng 89 22 25 300.0 5.600000 54.0
spng 90 23 26 300.0 5.600000 54.0
spng 91 24 28 300.0 5.600000 54.0
spng 92 25 27 300.0 5.600000 54.0
spng 93 26 29 300.0 5.600000 54.0
spng 94 28 30 300.0 5.600000 54.0
spng 95 27 31 300.0 5.600000 54.0
spng 96 29 32 300.0 5.600000 54.0
spng 97 30 33 300.0 5.600000 54.0
spng 98 31 34 300.0 5.600000 54.0
spng 99 32 35 300.0 5.600000 50.0
spng 100 1 5 300.0 5.600000 72.0
spng 101 2 6 300.0 5.600000 72.0
spng 102 3 7 300.0 5.600000 72.0
spng 103 4 8 300.0 5.600000 72.0
spng 104 5 9 300.0 5.600000 72.0
spng 105 6 10 300.0 5.600000 72.0
spng 106 7 11 300.0 5.600000 72.0
spng 107 8 12 300.0 5.600000 72.0
spng 108 9 13 300.0 5.600000 72.0
spng 109 10 14 300.0 5.600000 72.0
spng 110 11 15 300.0 5.600000 72.0
spng 111 12 16 300.0 5.600000 72.0
spng 112 13 17 300.0 5.600000 72.0
spng 113 14 18 300.0 5.600000 72.0
spng 114 15 19 300.0 5.600000 72.0
spng 115 16 20 300.0 5.600000 72.0
spng 116 17 21 300.0 5.600000 72.0
spng 117 18 22 300.0 5.600000 72.0
spng 118 19 23 300.0 5.600000 72.0
spng 119 20 24 300.0 5.600000 72.0
spng 120 21 25 300.0 5.600000 72.0
spng 121 22 26 300.0 5.600000 72.0
spng 122 23 28 300.0 5.600000 72.0
spng 123 24 27 300.0 5.600000 72.0
spng 124 25 29 300.0 5.600000 72.0
spng 125 26 30 300.0 5.600000 72.0
spng 126 28 31 300.0 5.600000 72.0
spng 127 27 32 300.0 5.600000 72.0
spng 128 29 33 300.0 5.600000 72.0
spng 129 30 34 300.0 5.600000 72.0
spng 130 31 35 300.0 5.600000 68.0
spng 131 17 16 300.0 5.600000 17.117243
spng 132 35 33 300.0 5.600000 36.055513
spng 133 22 23 300.0 5.600000 16.278821
\BARFOO\
else
  echo "will not over write ./lib/serp.xsp"
fi
if `test ! -s ./lib/snake.xsp`
then
echo "writting ./lib/snake.xsp"
cat > ./lib/snake.xsp << '\BARFOO\'
#1.0 *** XSpringies data file
cmas 1
elas 1
kspr 1
kdmp 1
fixm 0
shws 1
cent -1
frce 0 0 10 0
frce 1 0 200 0
frce 2 1 100 0
frce 3 0 20 0
visc 0
stck 0
step 0.025
prec 1
adpt 0
gsnp 8 0
wall 0 0 0 0
mass 1 221.00012 371.10024 4.4788085e-05 62.000094 1 1
mass 2 229.00012 371.10024 4.4788085e-05 62.000094 1 1
mass 3 237.00012 371.10024 4.4788085e-05 62.000094 1 1
mass 4 245.00012 371.10024 4.4788085e-05 62.000094 1 1
mass 5 253.00012 371.10024 4.4788085e-05 62.000094 1 1
mass 6 261.00012 371.10024 4.4788085e-05 62.000094 1 1
mass 7 269.00012 371.10024 4.4788085e-05 62.000094 1 1
mass 8 277.00012 371.10024 4.4788085e-05 62.000094 1 1
mass 9 285.00012 371.10024 4.4788085e-05 62.000094 1 1
mass 10 293.00012 371.10024 4.4788085e-05 62.000094 1 1
mass 11 301.00012 371.10024 4.4788085e-05 62.000094 1 1
mass 12 309.00012 371.10024 4.4788085e-05 62.000094 1 1
mass 13 317.00012 371.10024 4.4788085e-05 62.000094 1 1
mass 14 325.00012 371.10024 4.4788085e-05 62.000094 1 1
mass 15 213.00012 371.10024 4.4788085e-05 62.000094 1 1
mass 16 205.00012 371.10024 4.4788085e-05 62.000094 1 1
mass 17 197.00012 371.10024 4.4788085e-05 62.000094 1 1
mass 18 189.00012 371.10024 4.4788085e-05 62.000094 1 1
mass 19 181.00012 371.10024 4.4788085e-05 62.000094 1 1
mass 20 173.00012 371.10024 4.4788085e-05 62.000094 1 1
mass 21 165.00012 371.10024 4.4788085e-05 62.000094 1 1
mass 22 157.00012 371.10024 4.4788085e-05 62.000094 1 1
mass 23 149.00012 371.10024 4.4788085e-05 62.000094 1 1
mass 24 141.00012 371.10024 4.4788085e-05 62.000094 1 1
mass 25 133.00012 371.10024 4.4788085e-05 62.000094 1 1
mass 26 125.00012 371.10024 4.4788085e-05 62.000094 1 1
mass 27 117.00012 371.10024 4.4788085e-05 62.000094 1 1
mass 28 109.00012 371.10024 4.4788085e-05 62.000094 1 1
mass 29 101.00012 371.10024 4.4788085e-05 62.000094 1 1
mass 30 93.000115 371.10024 4.4788085e-05 62.000094 1 1
mass 31 85.000115 371.10024 4.4788085e-05 62.000094 1 1
mass 32 77.000115 371.10024 4.4788085e-05 62.000094 1 1
mass 33 69.000115 371.10024 4.4788085e-05 62.000094 1 1
mass 34 61.000115 371.10024 4.4788085e-05 62.000094 1 1
mass 35 53.000115 371.10024 4.4788085e-05 62.000094 1 1
mass 36 333.00012 371.10024 4.4788085e-05 62.000094 1 1
mass 37 341.00012 371.10024 4.4788085e-05 62.000094 1 1
mass 38 349.00012 371.10024 4.4788085e-05 62.000094 1 1
mass 39 357.00012 371.10024 4.4788085e-05 62.000094 1 1
mass 40 365.00012 371.10024 4.4788085e-05 62.000094 1 1
mass 41 373.00012 371.10024 4.4788085e-05 62.000094 1 1
mass 42 381.00012 371.10024 4.4788085e-05 62.000094 1 1
mass 43 389.00012 371.10024 4.4788085e-05 62.000094 1 1
mass 44 397.00012 371.10024 4.4788085e-05 62.000094 1 1
mass 45 405.00012 371.10024 4.4788085e-05 62.000094 1 1
mass 46 413.00012 371.10024 4.4788085e-05 62.000094 1 1
mass 47 421.00012 371.10024 4.4788085e-05 62.000094 1 1
mass 48 429.00012 371.10024 4.4788085e-05 62.000094 1 1
mass 49 437.00012 371.10024 4.4788085e-05 62.000094 1 1
mass 50 445.00012 371.10024 4.4788085e-05 62.000094 1 1
mass 51 453.00012 371.10024 4.4788085e-05 62.000094 1 1
mass 52 461.00012 371.10024 4.4788085e-05 62.000094 1 1
mass 53 477.00012 371.10024 4.4788085e-05 62.000094 1 1
mass 54 469.00012 371.10024 4.4788085e-05 62.000094 1 1
mass 55 485.00012 371.10024 4.4788085e-05 62.000094 1 1
mass 56 493.00012 371.10024 4.4788085e-05 62.000094 1 1
mass 57 501.00012 371.10024 4.4788085e-05 62.000094 1 1
mass 58 509.00012 371.10024 4.4788085e-05 62.000094 1 1
mass 59 517.00012 371.10024 4.4788085e-05 62.000094 1 1
mass 60 525.00012 371.10024 4.4788085e-05 62.000094 1 1
mass 61 533.00012 371.10024 4.4788085e-05 62.000094 1 1
mass 62 541.00012 371.10024 4.4788085e-05 62.000094 1 1
mass 63 549.00012 371.10024 4.4788085e-05 62.000094 1 1
mass 64 557.00012 371.10024 4.4788085e-05 62.000094 1 1
mass 65 565.00012 371.10024 4.4788085e-05 62.000094 1 1
mass 66 573.00012 371.10024 4.4788085e-05 62.000094 1 1
mass 67 581.00012 371.10024 4.4788085e-05 62.000094 1 1
mass 68 589.00012 371.10024 4.4788085e-05 62.000094 1 1
\BARFOO\
else
  echo "will not over write ./lib/snake.xsp"
fi
if `test ! -s ./lib/square.xsp`
then
echo "writting ./lib/square.xsp"
cat > ./lib/square.xsp << '\BARFOO\'
#1.0 *** XSpringies data file
cmas 1.0
elas 0.800000
kspr 20.0
kdmp 2.0
fixm 0
shws 1
cent -1
frce 0 1 10.0 0.0
frce 1 0 5.0 2.0
frce 2 0 10.0 0.0
frce 3 0 10000.0 1.0
visc 0.0
stck 0.0
step 0.050000
prec 1.0
adpt 0
gsnp 20.0 0
wall 1 1 1 1
mass 1 250.0 344.0 0.0 0.0 1.0 0.800000
mass 2 300.0 344.0 0.0 0.0 1.0 0.800000
mass 3 350.0 344.0 0.0 0.0 1.0 0.800000
mass 4 400.0 344.0 0.0 0.0 1.0 0.800000
mass 5 400.0 294.0 0.0 0.0 1.0 0.800000
mass 6 350.0 294.0 0.0 0.0 1.0 0.800000
mass 7 250.0 294.0 0.0 0.0 1.0 0.800000
mass 8 250.0 244.0 0.0 0.0 1.0 0.800000
mass 9 300.0 244.0 0.0 0.0 1.0 0.800000
mass 10 350.0 244.0 0.0 0.0 1.0 0.800000
mass 11 400.0 244.0 0.0 0.0 1.0 0.800000
mass 12 400.0 194.0 0.0 0.0 1.0 0.800000
mass 13 350.0 194.0 0.0 0.0 1.0 0.800000
mass 14 300.0 194.0 0.0 0.0 1.0 0.800000
mass 15 250.0 194.0 0.0 0.0 1.0 0.800000
mass 16 200.0 344.0 0.0 0.0 1.0 0.800000
mass 17 200.0 294.0 0.0 0.0 1.0 0.800000
mass 18 200.0 244.0 0.0 0.0 1.0 0.800000
mass 19 200.0 194.0 0.0 0.0 1.0 0.800000
mass 20 200.0 394.0 0.0 0.0 1.0 0.800000
mass 21 250.0 394.0 0.0 0.0 1.0 0.800000
mass 22 300.0 394.0 0.0 0.0 1.0 0.800000
mass 23 350.0 394.0 0.0 0.0 1.0 0.800000
mass 24 400.0 394.0 0.0 0.0 1.0 0.800000
spng 1 20 16 80.0 2.0 50.0
spng 2 20 1 80.0 2.0 70.710678
spng 3 21 1 80.0 2.0 50.0
spng 4 16 21 80.0 2.0 70.710678
spng 5 21 2 80.0 2.0 70.710678
spng 6 22 1 80.0 2.0 70.710678
spng 7 22 3 80.0 2.0 70.710678
spng 8 2 23 80.0 2.0 70.710678
spng 9 23 4 80.0 2.0 70.710678
spng 10 24 3 80.0 2.0 70.710678
spng 11 3 5 80.0 2.0 70.710678
spng 12 4 6 80.0 2.0 70.710678
spng 13 6 5 80.0 2.0 50.0
spng 14 11 6 80.0 2.0 70.710678
spng 15 5 10 80.0 2.0 70.710678
spng 16 10 12 80.0 2.0 70.710678
spng 17 11 13 80.0 2.0 70.710678
spng 18 13 9 80.0 2.0 70.710678
spng 19 9 15 80.0 2.0 70.710678
spng 20 15 18 80.0 2.0 70.710678
spng 21 18 7 80.0 2.0 70.710678
spng 22 17 8 80.0 2.0 70.710678
spng 23 8 19 80.0 2.0 70.710678
spng 24 8 14 80.0 2.0 70.710678
spng 25 14 10 80.0 2.0 70.710678
spng 26 20 21 80.0 2.0 50.0
spng 27 21 22 80.0 2.0 50.0
spng 28 22 23 80.0 2.0 50.0
spng 29 23 24 80.0 2.0 50.0
spng 30 24 4 80.0 2.0 50.0
spng 31 5 4 80.0 2.0 50.0
spng 32 5 11 80.0 2.0 50.0
spng 33 11 12 80.0 2.0 50.0
spng 34 12 13 80.0 2.0 50.0
spng 35 13 14 80.0 2.0 50.0
spng 36 14 15 80.0 2.0 50.0
spng 37 15 19 80.0 2.0 50.0
spng 38 18 19 80.0 2.0 50.0
spng 39 17 18 80.0 2.0 50.0
spng 40 16 17 80.0 2.0 50.0
spng 41 16 7 80.0 2.0 70.710678
spng 42 1 17 80.0 2.0 70.710678
spng 43 7 1 80.0 2.0 50.0
spng 44 8 7 80.0 2.0 50.0
spng 45 8 9 80.0 2.0 50.0
spng 46 9 10 80.0 2.0 50.0
spng 47 6 10 80.0 2.0 50.0
spng 48 3 6 80.0 2.0 50.0
spng 49 2 3 80.0 2.0 50.0
spng 50 1 2 80.0 2.0 50.0
spng 51 22 2 80.0 2.0 50.0
spng 52 3 23 80.0 2.0 50.0
spng 53 3 4 80.0 2.0 50.0
spng 54 10 11 80.0 2.0 50.0
spng 55 10 13 80.0 2.0 50.0
spng 56 14 9 80.0 2.0 50.0
spng 57 8 15 80.0 2.0 50.0
spng 58 8 18 80.0 2.0 50.0
spng 59 17 7 80.0 2.0 50.0
spng 60 1 16 80.0 2.0 50.0
\BARFOO\
else
  echo "will not over write ./lib/square.xsp"
fi
if `test ! -s ./lib/stretchmesh.xsp`
then
echo "writting ./lib/stretchmesh.xsp"
cat > ./lib/stretchmesh.xsp << '\BARFOO\'
#1.0 *** XSpringies data file
cmas 1
elas 1
kspr 100
kdmp 1
fixm 0
shws 1
cent -1
frce 0 0 10 0
frce 1 0 5 2
frce 2 0 1 0
frce 3 0 10000 1
visc 0
stck 0
step 0.025
prec 1
adpt 0
gsnp 20 0
wall 1 1 1 1
mass 1 51 201 0 0 -1 1
mass 2 51 226 0 0 -1 1
mass 3 51 251 0 0 -1 1
mass 4 51 276 0 0 -1 1
mass 5 51 301 0 0 -1 1
mass 6 51 326 0 0 -1 1
mass 7 51 351 0 0 -1 1
mass 8 51 376 0 0 -1 1
mass 9 256 53 0 0 -1 1
mass 10 165.906409372000013 137.670717655999994 0 0 1 1
mass 11 132.737649400999999 189.319170856999989 0 0 1 1
mass 12 120.775731210999993 230.604310414999986 0 0 1 1
mass 13 117.200603927000003 267.811028164999982 0 0 1 1
mass 14 117.190054849999996 303.691494465999995 0 0 1 1
mass 15 120.686913693999998 340.312269168 0 0 1 1
mass 16 132.546585536000009 379.995814069999994 0 0 1 1
mass 17 165.84507378699999 427.283110067999985 0 0 1 1
mass 18 256 500 0 0 -1 1
mass 19 281 53 0 0 -1 1
mass 20 230.289342261999991 115.062710891999998 0 0 1 1
mass 21 200.983598983999997 169.118271254000007 0 0 1 1
mass 22 187.245124755999996 217.249674137 0 0 1 1
mass 23 182.305586495 261.854149966000023 0 0 1 1
mass 24 182.271829351000008 305.026480536000008 0 0 1 1
mass 25 187.105006637999992 348.748968310999999 0 0 1 1
mass 26 200.765450724999994 394.802409916999977 0 0 1 1
mass 27 230.199195594000003 444.744472239000004 0 0 1 1
mass 28 281 500 0 0 -1 1
mass 29 306 53 0 0 -1 1
mass 30 278.272998724999979 107.442073105000006 0 0 1 1
mass 31 259.461113689000001 160.251202984999992 0 0 1 1
mass 32 249.365996776999992 210.424274421000007 0 0 1 1
mass 33 245.303106880000001 258.384369892999985 0 0 1 1
mass 34 245.258150508999989 305.226805477000028 0 0 1 1
mass 35 249.218723684999986 352.217536664000022 0 0 1 1
mass 36 259.252271081000004 400.347246949000009 0 0 1 1
mass 37 278.143800252000005 449.868855897000003 0 0 1 1
mass 38 306 500 0 0 -1 1
mass 39 331 53 0 0 -1 1
mass 40 320.581244916999992 105.505969342 0 0 1 1
mass 41 312.926572238000006 157.391222830000004 0 0 1 1
mass 42 308.401656108999987 207.858952108000011 0 0 1 1
mass 43 306.399282990000017 256.881757268000001 0 0 1 1
mass 44 306.362557028000026 305.031002928000021 0 0 1 1
mass 45 308.297979897000005 353.080763214000001 0 0 1 1
mass 46 312.794189933999974 401.618275829000027 0 0 1 1
mass 47 320.49239417299998 450.729808332999994 0 0 1 1
mass 48 331 500 0 0 -1 1
mass 49 356 53 0 0 -1 1
mass 50 361.368509016000019 105.603850402999996 0 0 1 1
mass 51 364.714092551000022 157.508781174000006 0 0 1 1
mass 52 366.15057182999999 207.936634040999991 0 0 1 1
mass 53 366.538613519000023 256.892928863000009 0 0 1 1
mass 54 366.520126457999993 304.968779938000011 0 0 1 1
mass 55 366.118747444000007 352.946860963000006 0 0 1 1
mass 56 364.706400668000015 401.442286394999996 0 0 1 1
mass 57 361.379480971000021 450.590638049000006 0 0 1 1
mass 58 356 500 0 0 -1 1
mass 59 381 53 0 0 -1 1
mass 60 403.219526954000003 107.622556037999999 0 0 1 1
mass 61 417.474263087999987 160.506422498000006 0 0 1 1
mass 62 424.408043669999984 210.605816913000012 0 0 1 1
mass 63 426.868838902999983 258.408511002000012 0 0 1 1
mass 64 426.860997450000013 305.07210183799998 0 0 1 1
mass 65 424.427730872999973 351.89124179800001 0 0 1 1
mass 66 417.562531504999981 399.942548552000005 0 0 1 1
mass 67 403.294619065999996 449.587750572000004 0 0 1 1
mass 68 381 500 0 0 -1 1
mass 69 406 53 0 0 -1 1
mass 70 449.832361430999981 115.133868140000004 0 0 1 1
mass 71 474.218754932000024 169.342507482000002 0 0 1 1
mass 72 484.864471964000018 217.437796574000004 0 0 1 1
mass 73 488.346453759999974 261.876441123999996 0 0 1 1
mass 74 488.333812625000007 304.855151133999982 0 0 1 1
mass 75 484.892645888999994 348.395341632999987 0 0 1 1
mass 76 474.344190705000017 394.414003077000018 0 0 1 1
mass 77 449.894567904999974 444.582422290000011 0 0 1 1
mass 78 406 500 0 0 -1 1
mass 79 431 53 0 0 -1 1
mass 80 510.489492206000023 137.671323782999991 0 0 1 1
mass 81 539.022788039000034 189.471112572999999 0 0 1 1
mass 82 548.666933405999998 230.733909860000011 0 0 1 1
mass 83 551.287215381999999 267.825066413999991 0 0 1 1
mass 84 551.267824811999958 303.581415248999974 0 0 1 1
mass 85 548.680656502000033 340.076976235000018 0 0 1 1
mass 86 539.161365949000015 379.745497053999998 0 0 1 1
mass 87 510.550753392999979 427.254964417999986 0 0 1 1
mass 88 431 500 0 0 -1 1
mass 89 615 201 0 0 -1 1
mass 90 615 226 0 0 -1 1
mass 91 615 251 0 0 -1 1
mass 92 615 276 0 0 -1 1
mass 93 615 301 0 0 -1 1
mass 94 615 326 0 0 -1 1
mass 95 615 351 0 0 -1 1
mass 96 615 376 0 0 -1 1
spng 1 1 2 100 1 25
spng 2 2 3 100 1 25
spng 3 3 4 100 1 25
spng 4 4 5 100 1 25
spng 5 5 6 100 1 25
spng 6 6 7 100 1 25
spng 7 7 8 100 1 25
spng 8 9 10 100 1 123.636505533874242
spng 9 10 11 100 1 61.3818324593661799
spng 10 11 12 100 1 42.9831389629444018
spng 11 12 13 100 1 37.3780869069695143
spng 12 13 14 100 1 35.8804678517466229
spng 13 14 15 100 1 36.7873505644196186
spng 14 15 16 100 1 41.4178168447949204
spng 15 16 17 100 1 57.834917503221611
spng 16 17 18 100 1 115.82597636909469
spng 17 19 20 100 1 80.1458101929511599
spng 18 20 21 100 1 61.4884557874554858
spng 19 21 22 100 1 50.0537472882808245
spng 20 22 23 100 1 44.8771467699510751
spng 21 23 24 100 1 43.1723437676265931
spng 22 24 25 100 1 43.9888115311450107
spng 23 25 26 100 1 48.0367277862606201
spng 24 26 27 100 1 57.9702934785388067
spng 25 27 28 100 1 75.0592770844704518
spng 26 29 30 100 1 61.0960385268473658
spng 27 30 31 100 1 56.0597111773721792
spng 28 31 32 100 1 51.1785939899574558
spng 29 32 33 100 1 48.1318795809855899
spng 30 33 34 100 1 46.8424571571185524
spng 31 34 35 100 1 47.1573425605318093
spng 32 35 36 100 1 49.1644290668142787
spng 33 36 37 100 1 53.0026379269690437
spng 34 37 38 100 1 57.3506710813066789
spng 35 39 40 100 1 53.5296859137299847
spng 36 40 41 100 1 52.4468639990671406
spng 37 41 42 100 1 50.6701743084823377
spng 38 42 43 100 1 49.0636823308546113
spng 39 43 44 100 1 48.1492596664093639
spng 40 44 45 100 1 48.0887234725970742
spng 41 45 46 100 1 48.7453180884903645
spng 42 46 47 100 1 49.7112157706568567
spng 43 47 48 100 1 50.378185428998151
spng 44 49 50 100 1 52.8770835643956119
spng 45 50 51 100 1 52.0126404591419202
spng 46 51 52 100 1 50.4483083709929261
spng 47 52 53 100 1 48.9578326629252203
spng 48 53 54 100 1 48.07585462950194
spng 49 54 55 100 1 47.9797599405660264
spng 50 55 56 100 1 48.5159871717184501
spng 51 56 57 100 1 49.260824850742523
spng 52 57 58 100 1 49.7013467012944972
spng 53 59 60 100 1 58.9688986346530228
spng 54 60 61 100 1 54.7713504855328353
spng 55 61 62 100 1 50.5769377672181122
spng 56 62 63 100 1 47.8659908008313479
spng 57 63 64 100 1 46.6635914948475161
spng 58 64 65 100 1 46.8823277240882916
spng 59 65 66 100 1 48.53925260167685
spng 60 66 67 100 1 51.6548101242622195
spng 61 67 68 100 1 55.1220911403852369
spng 62 69 70 100 1 76.0387630005691335
spng 63 70 71 100 1 59.4413388753706258
spng 64 71 72 100 1 49.2593963012994038
spng 65 72 73 100 1 44.5748508317068755
spng 66 73 74 100 1 42.9787118690400831
spng 67 74 75 100 1 43.6759638381817865
spng 68 75 76 100 1 47.2121500025825043
spng 69 76 77 100 1 55.8090883404628713
spng 70 77 78 100 1 70.6954101113399105
spng 71 79 80 100 1 116.137041646209312
spng 72 80 81 100 1 59.1385414918402077
spng 73 81 82 100 1 42.3748507939306194
spng 74 82 83 100 1 37.1835954709477505
spng 75 83 84 100 1 35.7563540927260846
spng 76 84 85 100 1 36.5871481745587346
spng 77 85 86 100 1 40.7947108900145281
spng 78 86 87 100 1 55.4591438812440245
spng 79 87 88 100 1 107.796857872668738
spng 80 89 90 100 1 25
spng 81 90 91 100 1 25
spng 82 91 92 100 1 25
spng 83 92 93 100 1 25
spng 84 93 94 100 1 25
spng 85 94 95 100 1 25
spng 86 95 96 100 1 25
spng 87 1 10 100 1 131.20244249621166
spng 88 2 11 100 1 89.590884336626317
spng 89 3 12 100 1 72.6955075618665489
spng 90 4 13 100 1 66.7051663667361794
spng 91 5 14 100 1 66.2447545357858161
spng 92 6 15 100 1 71.1414575963431304
spng 93 7 16 100 1 86.5482688802160567
spng 94 8 17 100 1 125.774990961590106
spng 95 9 19 100 1 25
spng 96 10 20 100 1 68.2369695792486795
spng 97 11 21 100 1 71.1729301016605831
spng 98 12 22 100 1 67.7976886653059978
spng 99 13 23 100 1 65.3769313524067428
spng 100 14 24 100 1 65.0954649726546677
spng 101 15 25 100 1 66.9517808780865664
spng 102 16 26 100 1 69.8072263326036477
spng 103 17 27 100 1 66.6809730164236925
spng 104 18 28 100 1 25
spng 105 19 29 100 1 25
spng 106 20 30 100 1 48.5850327553646153
spng 107 21 31 100 1 59.14596035031132
spng 108 22 32 100 1 62.4947103516180249
spng 109 23 33 100 1 63.0930023727947074
spng 110 24 34 100 1 62.9866397190761589
spng 111 25 35 100 1 62.2104879567280946
spng 112 26 36 100 1 58.7490712527990127
spng 113 27 37 100 1 48.217677501993947
spng 114 28 38 100 1 25
spng 115 29 39 100 1 25
spng 116 30 40 100 1 42.3525228720083007
spng 117 31 41 100 1 53.5418970932281368
spng 118 32 42 100 1 59.0913695164829775
spng 119 33 43 100 1 61.1146511072831515
spng 120 34 44 100 1 61.1047202323798331
spng 121 35 45 100 1 59.0855623197390543
spng 122 36 46 100 1 53.5570031730214353
spng 123 37 47 100 1 42.3573446545319996
spng 124 38 48 100 1 25
spng 125 39 49 100 1 25
spng 126 40 50 100 1 40.7873815460575884
spng 127 41 51 100 1 51.7876537423123011
spng 128 42 52 100 1 57.7489679685609261
spng 129 43 53 100 1 60.1393315666282362
spng 130 44 54 100 1 60.1576016096532129
spng 131 45 55 100 1 57.8209225932709501
spng 132 46 56 100 1 51.9125090471661679
spng 133 47 57 100 1 40.8873236492086605
spng 134 48 58 100 1 25
spng 135 49 59 100 1 25
spng 136 50 60 100 1 41.899676310057302
spng 137 51 61 100 1 52.8452594714102233
spng 138 52 62 100 1 58.3185867660780204
spng 139 53 63 100 1 60.349259184386753
spng 140 54 64 100 1 60.3409594511738732
spng 141 55 65 100 1 58.3185380504767821
spng 142 56 66 100 1 52.8774033085569073
spng 143 57 67 100 1 41.9271342308825297
spng 144 58 68 100 1 25
spng 145 59 69 100 1 25
spng 146 60 70 100 1 47.2141519830002849
spng 147 61 71 100 1 57.4283357975682378
spng 148 62 72 100 1 60.8412332892413161
spng 149 63 73 100 1 61.5753495145313892
spng 150 64 74 100 1 61.4731980065107422
spng 151 65 75 100 1 60.5658919347824991
spng 152 66 76 100 1 57.0501677173178123
spng 153 67 77 100 1 46.8679906013475716
spng 154 68 78 100 1 25
spng 155 69 79 100 1 25
spng 156 70 80 100 1 64.7087661813733632
spng 157 71 81 100 1 67.858112631008126
spng 158 72 82 100 1 65.173159464399447
spng 159 73 83 100 1 63.2212433949084769
spng 160 74 84 100 1 62.9469005834139139
spng 161 75 85 100 1 64.3281081709920102
spng 162 76 86 100 1 66.4562357913702044
spng 163 77 87 100 1 63.0825937502620278
spng 164 78 88 100 1 25
spng 165 80 89 100 1 122.200521564997231
spng 166 81 90 100 1 84.3024101317462566
spng 167 82 91 100 1 69.3598596691677614
spng 168 83 92 100 1 64.2351030427691256
spng 169 84 93 100 1 63.7844327315191961
spng 170 85 94 100 1 67.7968773759268828
spng 171 86 95 100 1 81.1036498291107506
spng 172 87 96 100 1 116.347395734757853
\BARFOO\
else
  echo "will not over write ./lib/stretchmesh.xsp"
fi
if `test ! -s ./lib/super-jello.xsp`
then
echo "writting ./lib/super-jello.xsp"
cat > ./lib/super-jello.xsp << '\BARFOO\'
#1.0 *** XSpringies data file
cmas 1
elas 0.1
kspr 200
kdmp 1
fixm 0
shws 1
cent -1
frce 0 1 10 0
frce 1 0 5 2
frce 2 0 10 0
frce 3 0 10000 1
visc 0
stck 0
step 0.025
prec 1
adpt 0
gsnp 40 0
wall 1 1 1 1
mass 1 267.341544 187.781792 2.3e-05 0.000313 1 0.1
mass 2 307.352886 187.77857 -1e-06 0.000325 1 0.1
mass 3 347.364229 187.781783 -2.5e-05 0.000321 1 0.1
mass 4 267.323768 147.82045 6e-05 0.000247 1 0.1
mass 5 307.352882 147.815849 3e-06 0.000257 1 0.1
mass 6 347.381996 147.820443 -5.3e-05 0.000253 1 0.1
mass 7 267.306829 107.892774 8.1e-05 0.000137 1 0.1
mass 8 307.352878 107.895083 7e-06 0.00013 1 0.1
mass 9 347.398927 107.892769 -6.8e-05 0.000141 1 0.1
mass 10 267.317921 68 0 0 1 0.1
mass 11 307.352876 68 0 0 1 0.1
mass 12 347.387831 68 0 0 1 0.1
spng 1 1 4 200 1 40
spng 2 4 7 200 1 40
spng 3 7 10 200 1 40
spng 4 10 11 200 1 40
spng 5 11 8 200 1 40
spng 6 8 5 200 1 40
spng 7 5 2 200 1 40
spng 8 2 3 200 1 40
spng 9 3 6 200 1 40
spng 10 6 9 200 1 40
spng 11 9 12 200 1 40
spng 12 12 11 200 1 40
spng 13 11 9 200 1 56.568542
spng 14 9 5 200 1 56.568542
spng 15 5 3 200 1 56.568542
spng 16 2 6 200 1 56.568542
spng 17 6 8 200 1 56.568542
spng 18 8 12 200 1 56.568542
spng 19 8 9 200 1 40
spng 20 6 5 200 1 40
spng 21 5 4 200 1 40
spng 22 1 2 200 1 40
spng 23 2 4 200 1 56.568542
spng 24 4 8 200 1 56.568542
spng 25 8 7 200 1 40
spng 26 7 5 200 1 56.568542
spng 27 5 1 200 1 56.568542
spng 28 7 11 200 1 56.568542
spng 29 8 10 200 1 56.568542
spng 30 1 3 200 1 80
spng 31 1 6 200 1 89.4427191
spng 32 1 7 200 1 80
spng 33 1 8 200 1 89.4427191
spng 34 1 9 200 1 113.13708499
spng 35 1 10 200 1 120
spng 36 1 11 200 1 126.491106407
spng 37 1 12 200 1 144.222051019
spng 38 2 7 200 1 89.4427191
spng 39 2 8 200 1 80
spng 40 2 9 200 1 89.4427191
spng 41 2 10 200 1 126.491106407
spng 42 2 11 200 1 120
spng 43 2 12 200 1 126.491106407
spng 44 3 4 200 1 89.4427191
spng 45 3 7 200 1 113.13708499
spng 46 3 8 200 1 89.4427191
spng 47 3 9 200 1 80
spng 48 3 10 200 1 144.222051019
spng 49 3 11 200 1 126.491106407
spng 50 3 12 200 1 120
spng 51 4 6 200 1 80
spng 52 4 9 200 1 89.4427191
spng 53 4 10 200 1 80
spng 54 4 11 200 1 89.4427191
spng 55 4 12 200 1 113.13708499
spng 56 5 10 200 1 89.4427191
spng 57 5 11 200 1 80
spng 58 5 12 200 1 89.4427191
spng 59 6 7 200 1 89.4427191
spng 60 6 10 200 1 113.13708499
spng 61 6 11 200 1 89.4427191
spng 62 6 12 200 1 80
spng 63 7 9 200 1 80
spng 64 7 12 200 1 89.4427191
spng 65 9 10 200 1 89.4427191
spng 66 10 12 200 1 80
\BARFOO\
else
  echo "will not over write ./lib/super-jello.xsp"
fi
if `test ! -s ./lib/tire.xsp`
then
echo "writting ./lib/tire.xsp"
cat > ./lib/tire.xsp << '\BARFOO\'
#1.0 *** XSpringies data file
cmas 1.0
elas 1.0
kspr 200.0
kdmp 1.500000
fixm 0
shws 1
cent -1
frce 0 1 10.0 0.0
frce 1 0 5.0 2.0
frce 2 0 10.0 0.0
frce 3 0 10000.0 1.0
visc 0.0
stck 0.0
step 0.025000
prec 1.0
adpt 0
gsnp 18.0 0
wall 1 1 1 1
mass 1 327.456084 281.149678 0.009381 4.202871 1.0 1.0
mass 2 345.301003 277.090310 -0.403509 -0.305837 1.0 1.0
mass 3 362.134891 269.536206 -3.950943 -7.823193 1.0 1.0
mass 4 377.169289 258.961120 -6.652044 -10.265516 1.0 1.0
mass 5 389.939892 245.475316 -7.933797 -10.316392 1.0 1.0
mass 6 400.051317 229.967435 -6.398677 -8.567292 1.0 1.0
mass 7 406.489387 212.636070 -4.609387 -7.729748 1.0 1.0
mass 8 409.660521 194.468639 -1.051530 -7.182024 1.0 1.0
mass 9 409.627643 176.071053 1.324528 -7.182240 1.0 1.0
mass 10 406.069947 158.065979 4.789743 -7.760958 1.0 1.0
mass 11 400.001937 140.767514 6.249134 -8.317223 1.0 1.0
mass 12 391.067706 124.696319 8.557769 -10.154776 1.0 1.0
mass 13 379.238030 110.533915 7.144167 -10.033928 1.0 1.0
mass 14 364.890351 98.869759 4.248841 -7.688030 1.0 1.0
mass 15 348.512649 90.270112 0.405845 -0.949148 1.0 1.0
mass 16 330.863923 84.774918 -0.419848 3.793212 1.0 1.0
mass 17 312.481073 83.252632 0.539601 5.799891 1.0 1.0
mass 18 294.111705 84.662128 1.462951 3.671148 1.0 1.0
mass 19 276.339082 89.549385 0.923736 -0.754176 1.0 1.0
mass 20 259.787879 97.667569 -3.110270 -8.596274 1.0 1.0
mass 21 244.896716 108.496405 -6.174949 -11.455202 1.0 1.0
mass 22 232.400150 121.969559 -7.489704 -11.610818 1.0 1.0
mass 23 222.026285 137.083244 -5.793741 -9.892656 1.0 1.0
mass 24 214.490243 153.800822 -4.343160 -9.165476 1.0 1.0
mass 25 209.612402 171.562156 -1.096641 -8.404341 1.0 1.0
mass 26 208.386222 190.016829 1.067021 -8.272623 1.0 1.0
mass 27 216.953922 225.917917 5.528656 -9.231894 1.0 1.0
mass 28 210.882139 208.385065 4.277214 -8.661665 1.0 1.0
mass 29 226.830950 241.593624 7.563286 -11.160131 1.0 1.0
mass 30 239.044879 255.387635 5.876869 -10.808563 1.0 1.0
mass 31 253.797262 266.421210 3.032326 -8.274159 1.0 1.0
mass 32 270.255662 274.589459 -0.783848 -1.141147 1.0 1.0
mass 33 287.727151 280.214512 -1.812428 4.059169 1.0 1.0
mass 34 305.935015 282.979750 -0.976590 4.852442 1.0 1.0
spng 1 1 2 200.0 1.500000 18.0
spng 2 3 2 200.0 1.500000 18.0
spng 3 3 4 200.0 1.500000 18.0
spng 4 4 5 200.0 1.500000 18.0
spng 5 5 6 200.0 1.500000 18.0
spng 6 6 7 200.0 1.500000 18.0
spng 7 7 8 200.0 1.500000 18.0
spng 8 8 9 200.0 1.500000 18.0
spng 9 9 10 200.0 1.500000 18.0
spng 10 10 11 200.0 1.500000 18.0
spng 11 11 12 200.0 1.500000 18.0
spng 12 12 13 200.0 1.500000 18.0
spng 13 13 14 200.0 1.500000 18.0
spng 14 14 15 200.0 1.500000 18.0
spng 15 15 16 200.0 1.500000 18.0
spng 16 16 17 200.0 1.500000 18.0
spng 17 17 18 200.0 1.500000 18.0
spng 18 18 19 200.0 1.500000 18.0
spng 19 19 20 200.0 1.500000 18.0
spng 20 20 21 200.0 1.500000 18.0
spng 21 21 22 200.0 1.500000 18.0
spng 22 22 23 200.0 1.500000 18.0
spng 23 23 24 200.0 1.500000 18.0
spng 24 24 25 200.0 1.500000 18.0
spng 25 25 26 200.0 1.500000 18.0
spng 26 26 28 200.0 1.500000 18.0
spng 27 28 27 200.0 1.500000 18.0
spng 28 27 29 200.0 1.500000 18.0
spng 29 29 30 200.0 1.500000 18.0
spng 30 30 31 200.0 1.500000 18.0
spng 31 31 32 200.0 1.500000 18.0
spng 32 32 33 200.0 1.500000 18.0
spng 33 33 34 200.0 1.500000 18.0
spng 34 1 3 200.0 1.500000 36.0
spng 35 2 4 200.0 1.500000 36.0
spng 36 3 5 200.0 1.500000 36.0
spng 37 4 6 200.0 1.500000 36.0
spng 38 5 7 200.0 1.500000 36.0
spng 39 6 8 200.0 1.500000 36.0
spng 40 7 9 200.0 1.500000 36.0
spng 41 8 10 200.0 1.500000 36.0
spng 42 9 11 200.0 1.500000 36.0
spng 43 10 12 200.0 1.500000 36.0
spng 44 11 13 200.0 1.500000 36.0
spng 45 12 14 200.0 1.500000 36.0
spng 46 13 15 200.0 1.500000 36.0
spng 47 14 16 200.0 1.500000 36.0
spng 48 15 17 200.0 1.500000 36.0
spng 49 16 18 200.0 1.500000 36.0
spng 50 17 19 200.0 1.500000 36.0
spng 51 18 20 200.0 1.500000 36.0
spng 52 19 21 200.0 1.500000 36.0
spng 53 20 22 200.0 1.500000 36.0
spng 54 21 23 200.0 1.500000 36.0
spng 55 22 24 200.0 1.500000 36.0
spng 56 23 25 200.0 1.500000 36.0
spng 57 24 26 200.0 1.500000 36.0
spng 58 25 28 200.0 1.500000 36.0
spng 59 26 27 200.0 1.500000 36.0
spng 60 28 29 200.0 1.500000 36.0
spng 61 27 30 200.0 1.500000 36.0
spng 62 29 31 200.0 1.500000 36.0
spng 63 30 32 200.0 1.500000 36.0
spng 64 31 33 200.0 1.500000 36.0
spng 65 32 34 200.0 1.500000 36.0
spng 66 1 4 200.0 1.500000 53.0
spng 67 2 5 200.0 1.500000 54.0
spng 68 3 6 200.0 1.500000 54.0
spng 69 4 7 200.0 1.500000 54.0
spng 70 5 8 200.0 1.500000 54.0
spng 71 6 9 200.0 1.500000 54.0
spng 72 7 10 200.0 1.500000 54.0
spng 73 8 11 200.0 1.500000 54.0
spng 74 9 12 200.0 1.500000 54.0
spng 75 10 13 200.0 1.500000 54.0
spng 76 11 14 200.0 1.500000 54.0
spng 77 12 15 200.0 1.500000 54.0
spng 78 13 16 200.0 1.500000 54.0
spng 79 14 17 200.0 1.500000 54.0
spng 80 15 18 200.0 1.500000 54.0
spng 81 16 19 200.0 1.500000 54.0
spng 82 17 20 200.0 1.500000 54.0
spng 83 18 21 200.0 1.500000 54.0
spng 84 19 22 200.0 1.500000 54.0
spng 85 20 23 200.0 1.500000 54.0
spng 86 21 24 200.0 1.500000 54.0
spng 87 22 25 200.0 1.500000 54.0
spng 88 23 26 200.0 1.500000 54.0
spng 89 24 28 200.0 1.500000 54.0
spng 90 25 27 200.0 1.500000 54.0
spng 91 26 29 200.0 1.500000 54.0
spng 92 28 30 200.0 1.500000 54.0
spng 93 27 31 200.0 1.500000 54.0
spng 94 29 32 200.0 1.500000 54.0
spng 95 30 33 200.0 1.500000 54.0
spng 96 31 34 200.0 1.500000 54.0
spng 97 1 5 200.0 1.500000 72.0
spng 98 2 6 200.0 1.500000 72.0
spng 99 3 7 200.0 1.500000 72.0
spng 100 4 8 200.0 1.500000 72.0
spng 101 5 9 200.0 1.500000 72.0
spng 102 6 10 200.0 1.500000 72.0
spng 103 7 11 200.0 1.500000 72.0
spng 104 8 12 200.0 1.500000 72.0
spng 105 9 13 200.0 1.500000 72.0
spng 106 10 14 200.0 1.500000 72.0
spng 107 11 15 200.0 1.500000 72.0
spng 108 12 16 200.0 1.500000 72.0
spng 109 13 17 200.0 1.500000 72.0
spng 110 14 18 200.0 1.500000 72.0
spng 111 15 19 200.0 1.500000 72.0
spng 112 16 20 200.0 1.500000 72.0
spng 113 17 21 200.0 1.500000 72.0
spng 114 18 22 200.0 1.500000 72.0
spng 115 19 23 200.0 1.500000 72.0
spng 116 20 24 200.0 1.500000 72.0
spng 117 21 25 200.0 1.500000 72.0
spng 118 22 26 200.0 1.500000 72.0
spng 119 23 28 200.0 1.500000 72.0
spng 120 24 27 200.0 1.500000 72.0
spng 121 25 29 200.0 1.500000 72.0
spng 122 26 30 200.0 1.500000 72.0
spng 123 28 31 200.0 1.500000 72.0
spng 124 27 32 200.0 1.500000 72.0
spng 125 29 33 200.0 1.500000 72.0
spng 126 30 34 200.0 1.500000 72.0
spng 127 1 6 200.0 1.500000 90.0
spng 128 2 7 200.0 1.500000 90.0
spng 129 3 8 200.0 1.500000 90.0
spng 130 4 9 200.0 1.500000 90.0
spng 131 5 10 200.0 1.500000 90.0
spng 132 6 11 200.0 1.500000 90.0
spng 133 7 12 200.0 1.500000 90.0
spng 134 8 13 200.0 1.500000 90.0
spng 135 9 14 200.0 1.500000 90.0
spng 136 10 15 200.0 1.500000 90.0
spng 137 11 16 200.0 1.500000 90.0
spng 138 12 17 200.0 1.500000 90.0
spng 139 13 18 200.0 1.500000 90.0
spng 140 14 19 200.0 1.500000 90.0
spng 141 15 20 200.0 1.500000 90.0
spng 142 16 21 200.0 1.500000 90.0
spng 143 17 22 200.0 1.500000 90.0
spng 144 18 23 200.0 1.500000 90.0
spng 145 19 24 200.0 1.500000 90.0
spng 146 20 25 200.0 1.500000 90.0
spng 147 21 26 200.0 1.500000 90.0
spng 148 22 28 200.0 1.500000 90.0
spng 149 23 27 200.0 1.500000 90.0
spng 150 24 29 200.0 1.500000 90.0
spng 151 25 30 200.0 1.500000 90.0
spng 152 26 31 200.0 1.500000 90.0
spng 153 28 32 200.0 1.500000 90.0
spng 154 27 33 200.0 1.500000 90.0
spng 155 29 34 200.0 1.500000 90.0
spng 156 34 1 200.0 1.500000 21.0
spng 157 34 2 200.0 1.500000 39.0
spng 158 34 3 200.0 1.500000 57.0
spng 159 34 4 200.0 1.500000 75.0
spng 160 34 5 200.0 1.500000 93.0
spng 161 33 1 200.0 1.500000 39.0
spng 162 33 2 200.0 1.500000 57.0
spng 163 33 3 200.0 1.500000 75.0
spng 164 33 4 200.0 1.500000 93.0
spng 165 32 1 200.0 1.500000 57.0
spng 166 32 2 200.0 1.500000 75.0
spng 167 32 3 200.0 1.500000 93.0
spng 168 31 1 200.0 1.500000 75.0
spng 169 2 31 200.0 1.500000 93.0
spng 170 30 1 200.0 1.500000 93.0
spng 171 33 16 200.0 1.500000 200.202398
spng 172 17 34 200.0 1.500000 199.832430
spng 173 1 18 200.0 1.500000 199.248588
spng 174 19 2 200.0 1.500000 199.822421
spng 175 3 20 200.0 1.500000 200.010000
spng 176 21 4 200.0 1.500000 200.529300
spng 177 5 22 200.0 1.500000 200.002500
spng 178 23 6 200.0 1.500000 200.810856
spng 179 7 24 200.0 1.500000 200.691305
spng 180 25 8 200.0 1.500000 201.357890
spng 181 9 26 200.0 1.500000 201.791972
spng 182 28 10 200.0 1.500000 201.444782
spng 183 11 27 200.0 1.500000 201.943061
spng 184 29 12 200.0 1.500000 201.526673
spng 185 13 30 200.0 1.500000 201.638290
spng 186 31 14 200.0 1.500000 201.039797
spng 187 15 32 200.0 1.500000 200.124961
\BARFOO\
else
  echo "will not over write ./lib/tire.xsp"
fi
echo "Finished archive 8 of 16"
exit

exit 0 # Just in case...
-- 
  // chris@IMD.Sterling.COM            | Send comp.sources.x submissions to:
\X/  Amiga - The only way to fly!      |
 "It's intuitively obvious to the most |    sources-x@imd.sterling.com
  casual observer..."                  |
